68
0 0 0 0 1 0 0 5 0 16 0 1 0 
0 0 0 1 2 0 0 10 0 8 0 6 0 
0 0 0 2 0 0 0 15 0 11 0 16 0 
0 0 0 3 2 0 0 20 0 0 0 12 0 
0 0 0 4 2 0 0 25 0 20 0 9 0 
0 0 0 5 2 0 0 30 0 13 0 3 0 
0 0 0 6 2 0 0 35 0 5 0 9 0 
0 0 0 7 0 0 0 40 0 10 0 16 0 
0 0 0 8 0 0 0 45 0 7 0 15 0 
0 0 0 9 2 0 0 50 0 17 0 13 0 
0 0 0 10 2 0 0 55 0 4 0 12 0 
0 0 0 11 1 0 0 60 0 4 0 6 0 
0 0 0 12 0 0 0 65 0 11 0 4 0 
0 0 0 13 2 0 0 70 0 5 0 3 0 
0 0 0 14 0 0 0 75 0 4 0 0 0 
0 0 0 15 2 0 0 80 0 19 0 3 0 
0 0 0 16 1 0 0 85 0 10 0 15 0 
0 0 0 17 2 0 0 90 0 17 0 11 0 
0 0 0 18 1 0 0 95 0 3 0 7 0 
0 0 0 19 0 0 0 100 0 4 0 9 0 
0 0 0 20 1 0 0 105 0 4 0 6 0 
0 0 0 21 2 0 0 110 0 10 0 3 0 
0 0 0 22 2 0 0 115 0 17 0 4 0 
0 0 0 23 1 0 0 120 0 19 0 9 0 
0 0 0 24 1 0 0 125 0 14 0 13 0 
0 0 0 25 1 0 0 130 0 19 0 5 0 
0 0 0 26 2 0 0 135 0 7 0 1 0 
0 0 0 27 1 0 0 140 0 19 0 7 0 
0 0 0 28 1 0 0 145 0 19 0 4 0 
0 0 0 29 1 0 0 150 0 10 0 3 0 
0 0 0 0 0 0 0 0 0 0 0 0 0 0 0 0 0 0 0 0 0 0 0 0 0 0 0 0 0 0 
0 0 0 0 0 0 0 0 0 0 0 0 0 0 0 0 0 0 0 0 0 0 0 0 0 0 0 0 0 0 
0 0 0 0 0 0 0 0 0 0 0 0 0 0 0 0 0 0 0 0 0 0 0 0 0 0 0 0 0 0 
0 0 0 0 0 0 0 0 0 0 0 0 0 0 0 0 0 0 0 0 0 0 0 0 0 0 0 0 0 0 
0 0 0 0 10000 
0 0 0 0 1 26 0 5 1 16 0 1 0 
0 0 0 1 2 25 0 10 1 8 0 6 0 
0 0 0 2 0 0 0 15 0 11 0 16 0 
0 0 0 3 2 0 0 20 0 0 0 12 0 
0 0 0 4 2 0 0 25 0 20 0 9 0 
0 0 0 5 2 0 0 30 0 13 0 3 0 
0 0 0 6 2 0 0 35 0 5 0 9 0 
0 0 0 7 0 0 0 40 0 10 0 16 0 
0 0 0 8 0 0 0 45 0 7 0 15 0 
0 0 0 9 2 0 0 50 0 17 0 13 0 
0 0 0 10 2 0 0 55 0 4 0 12 0 
0 0 0 11 1 0 0 60 0 4 0 6 0 
0 0 0 12 0 0 0 65 0 11 0 4 0 
0 0 0 13 2 0 0 70 0 5 0 3 0 
0 0 0 14 0 0 0 75 0 4 0 0 0 
0 0 0 15 2 0 0 80 0 19 0 3 0 
0 0 0 16 1 0 0 85 0 10 0 15 0 
0 0 0 17 2 0 0 90 0 17 0 11 0 
0 0 0 18 1 0 0 95 0 3 0 7 0 
0 0 0 19 0 0 0 100 0 4 0 9 0 
0 0 0 20 1 0 0 105 0 4 0 6 0 
0 0 0 21 2 0 0 110 0 10 0 3 0 
0 0 0 22 2 0 0 115 0 17 0 4 0 
0 0 0 23 1 0 0 120 0 19 0 9 0 
0 0 0 24 1 0 0 125 0 14 0 13 0 
0 0 0 25 1 0 0 130 0 19 0 5 0 
0 0 0 26 2 0 0 135 0 7 0 1 0 
0 0 0 27 1 0 0 140 0 19 0 7 0 
0 0 0 28 1 0 0 145 0 19 0 4 0 
0 0 0 29 1 0 0 150 0 10 0 3 0 
0 0 0 0 0 0 0 0 0 0 0 0 0 0 0 0 0 0 0 0 0 0 0 0 0 0 0 0 0 0 
0 0 0 0 0 0 0 0 0 0 0 0 0 0 0 0 0 0 0 0 0 0 0 0 0 0 0 0 0 0 
0 0 0 0 0 0 0 0 0 0 0 0 0 0 0 0 0 0 0 0 0 0 0 0 0 0 0 0 0 0 
0 0 0 0 0 0 0 0 0 0 0 0 0 0 0 0 0 0 0 0 0 0 0 0 0 0 0 0 0 0 
0 0 0 0 9974 
0 0 0 0 1 129 0 5 1 16 0 1 0 
0 0 0 1 2 128 0 10 1 8 0 6 0 
0 0 0 2 0 0 0 15 0 11 0 16 0 
0 0 0 3 2 0 0 20 0 0 0 12 0 
0 0 0 4 2 0 0 25 0 20 0 9 0 
0 0 0 5 2 0 0 30 0 13 0 3 0 
0 0 0 6 2 0 0 35 0 5 0 9 0 
0 0 0 7 0 0 0 40 0 10 0 16 0 
0 0 0 8 0 0 0 45 0 7 0 15 0 
0 0 0 9 2 0 0 50 0 17 0 13 0 
0 0 0 10 2 0 0 55 0 4 0 12 0 
0 0 0 11 1 0 0 60 0 4 0 6 0 
0 0 0 12 0 0 0 65 0 11 0 4 0 
0 0 0 13 2 0 0 70 0 5 0 3 0 
0 0 0 14 0 0 0 75 0 4 0 0 0 
0 0 0 15 2 0 0 80 0 19 0 3 0 
0 0 0 16 1 0 0 85 0 10 0 15 0 
0 0 0 17 2 0 0 90 0 17 0 11 0 
0 0 0 18 1 0 0 95 0 3 0 7 0 
0 0 0 19 0 0 0 100 0 4 0 9 0 
0 0 0 20 1 0 0 105 0 4 0 6 0 
0 0 0 21 2 0 0 110 0 10 0 3 0 
0 0 0 22 2 0 0 115 0 17 0 4 0 
0 0 0 23 1 0 0 120 0 19 0 9 0 
0 0 0 24 1 0 0 125 0 14 0 13 0 
0 0 0 25 1 0 0 130 0 19 0 5 0 
0 0 0 26 2 0 0 135 0 7 0 1 0 
0 0 0 27 1 0 0 140 0 19 0 7 0 
0 0 0 28 1 0 0 145 0 19 0 4 0 
0 0 0 29 1 0 0 150 0 10 0 3 0 
0 0 0 0 0 0 0 0 0 0 0 0 0 0 0 0 0 0 0 0 0 0 0 0 0 0 0 0 0 0 
0 0 0 0 0 0 0 0 0 0 0 0 0 0 0 0 0 0 0 0 0 0 0 0 0 0 0 0 0 0 
0 0 0 0 0 0 0 0 0 0 0 0 0 0 0 0 0 0 0 0 0 0 0 0 0 0 0 0 0 0 
0 0 0 0 0 0 0 0 0 0 0 0 0 0 0 0 0 0 0 0 0 0 0 0 0 0 0 0 0 0 
0 0 0 0 9867 
0 0 0 0 1 177 0 5 1 16 0 1 0 
0 0 0 1 2 176 0 10 1 8 0 6 0 
0 0 0 2 0 0 0 15 0 11 0 16 0 
0 0 0 3 2 0 0 20 0 0 0 12 0 
0 0 0 4 2 0 0 25 0 20 0 9 0 
0 0 0 5 2 0 0 30 0 13 0 3 0 
0 0 0 6 2 0 0 35 0 5 0 9 0 
0 0 0 7 0 0 0 40 0 10 0 16 0 
0 0 0 8 0 0 0 45 0 7 0 15 0 
0 0 0 9 2 0 0 50 0 17 0 13 0 
0 0 0 10 2 0 0 55 0 4 0 12 0 
0 0 0 11 1 0 0 60 0 4 0 6 0 
0 0 0 12 0 0 0 65 0 11 0 4 0 
0 0 0 13 2 0 0 70 0 5 0 3 0 
0 0 0 14 0 0 0 75 0 4 0 0 0 
0 0 0 15 2 0 0 80 0 19 0 3 0 
0 0 0 16 1 0 0 85 0 10 0 15 0 
0 0 0 17 2 0 0 90 0 17 0 11 0 
0 0 0 18 1 0 0 95 0 3 0 7 0 
0 0 0 19 0 0 0 100 0 4 0 9 0 
0 0 0 20 1 0 0 105 0 4 0 6 0 
0 0 0 21 2 0 0 110 0 10 0 3 0 
0 0 0 22 2 0 0 115 0 17 0 4 0 
0 0 0 23 1 0 0 120 0 19 0 9 0 
0 0 0 24 1 0 0 125 0 14 0 13 0 
0 0 0 25 1 0 0 130 0 19 0 5 0 
0 0 0 26 2 0 0 135 0 7 0 1 0 
0 0 0 27 1 0 0 140 0 19 0 7 0 
0 0 0 28 1 0 0 145 0 19 0 4 0 
0 0 0 29 1 0 0 150 0 10 0 3 0 
0 0 0 0 0 0 0 0 0 0 0 0 0 0 0 0 0 0 0 0 0 0 0 0 0 0 0 0 0 0 
0 0 0 0 0 0 0 0 0 0 0 0 0 0 0 0 0 0 0 0 0 0 0 0 0 0 0 0 0 0 
0 0 0 0 0 0 0 0 0 0 0 0 0 0 0 0 0 0 0 0 0 0 0 0 0 0 0 0 0 0 
0 0 0 0 0 0 0 0 0 0 0 0 0 0 0 0 0 0 0 0 0 0 0 0 0 0 0 0 0 0 
0 0 0 0 9819 
0 0 0 0 1 189 0 5 1 16 0 1 0 
0 0 0 1 2 188 0 10 1 8 0 6 0 
0 0 0 2 0 0 0 15 0 11 0 16 0 
0 0 0 3 2 0 0 20 0 0 0 12 0 
0 0 0 4 2 0 0 25 0 20 0 9 0 
0 0 0 5 2 0 0 30 0 13 0 3 0 
0 0 0 6 2 0 0 35 0 5 0 9 0 
0 0 0 7 0 0 0 40 0 10 0 16 0 
0 0 0 8 0 0 0 45 0 7 0 15 0 
0 0 0 9 2 0 0 50 0 17 0 13 0 
0 0 0 10 2 0 0 55 0 4 0 12 0 
0 0 0 11 1 0 0 60 0 4 0 6 0 
0 0 0 12 0 0 0 65 0 11 0 4 0 
0 0 0 13 2 0 0 70 0 5 0 3 0 
0 0 0 14 0 0 0 75 0 4 0 0 0 
0 0 0 15 2 0 0 80 0 19 0 3 0 
0 0 0 16 1 0 0 85 0 10 0 15 0 
0 0 0 17 2 0 0 90 0 17 0 11 0 
0 0 0 18 1 0 0 95 0 3 0 7 0 
0 0 0 19 0 0 0 100 0 4 0 9 0 
0 0 0 20 1 0 0 105 0 4 0 6 0 
0 0 0 21 2 0 0 110 0 10 0 3 0 
0 0 0 22 2 0 0 115 0 17 0 4 0 
0 0 0 23 1 0 0 120 0 19 0 9 0 
0 0 0 24 1 0 0 125 0 14 0 13 0 
0 0 0 25 1 0 0 130 0 19 0 5 0 
0 0 0 26 2 0 0 135 0 7 0 1 0 
0 0 0 27 1 0 0 140 0 19 0 7 0 
0 0 0 28 1 0 0 145 0 19 0 4 0 
0 0 0 29 1 0 0 150 0 10 0 3 0 
0 0 0 0 0 0 0 0 0 0 0 0 0 0 0 0 0 0 0 0 0 0 0 0 0 0 0 0 0 0 
0 0 0 0 0 0 0 0 0 0 0 0 0 0 0 0 0 0 0 0 0 0 0 0 0 0 0 0 0 0 
0 0 0 0 0 0 0 0 0 0 0 0 0 0 0 0 0 0 0 0 0 0 0 0 0 0 0 0 0 0 
0 0 0 0 0 0 0 0 0 0 0 0 0 0 0 0 0 0 0 0 0 0 0 0 0 0 0 0 0 0 
0 0 0 0 9807 
0 0 0 0 1 202 0 5 1 16 0 1 0 
0 0 0 1 2 201 0 10 1 8 0 6 0 
0 0 0 2 0 0 0 15 0 11 0 16 0 
0 0 0 3 2 0 0 20 0 0 0 12 0 
0 0 0 4 2 0 0 25 0 20 0 9 0 
0 0 0 5 2 0 0 30 0 13 0 3 0 
0 0 0 6 2 0 0 35 0 5 0 9 0 
0 0 0 7 0 0 0 40 0 10 0 16 0 
0 0 0 8 0 0 0 45 0 7 0 15 0 
0 0 0 9 2 0 0 50 0 17 0 13 0 
0 0 0 10 2 0 0 55 0 4 0 12 0 
0 0 0 11 1 0 0 60 0 4 0 6 0 
0 0 0 12 0 0 0 65 0 11 0 4 0 
0 0 0 13 2 0 0 70 0 5 0 3 0 
0 0 0 14 0 0 0 75 0 4 0 0 0 
0 0 0 15 2 0 0 80 0 19 0 3 0 
0 0 0 16 1 0 0 85 0 10 0 15 0 
0 0 0 17 2 0 0 90 0 17 0 11 0 
0 0 0 18 1 0 0 95 0 3 0 7 0 
0 0 0 19 0 0 0 100 0 4 0 9 0 
0 0 0 20 1 0 0 105 0 4 0 6 0 
0 0 0 21 2 0 0 110 0 10 0 3 0 
0 0 0 22 2 0 0 115 0 17 0 4 0 
0 0 0 23 1 0 0 120 0 19 0 9 0 
0 0 0 24 1 0 0 125 0 14 0 13 0 
0 0 0 25 1 0 0 130 0 19 0 5 0 
0 0 0 26 2 0 0 135 0 7 0 1 0 
0 0 0 27 1 0 0 140 0 19 0 7 0 
0 0 0 28 1 0 0 145 0 19 0 4 0 
0 0 0 29 1 0 0 150 0 10 0 3 0 
0 0 0 0 0 0 0 0 0 0 0 0 0 0 0 0 0 0 0 0 0 0 0 0 0 0 0 0 0 0 
0 0 0 0 0 0 0 0 0 0 0 0 0 0 0 0 0 0 0 0 0 0 0 0 0 0 0 0 0 0 
0 0 0 0 0 0 0 0 0 0 0 0 0 0 0 0 0 0 0 0 0 0 0 0 0 0 0 0 0 0 
0 0 0 0 0 0 0 0 0 0 0 0 0 0 0 0 0 0 0 0 0 0 0 0 0 0 0 0 0 0 
0 0 0 0 9794 
0 0 0 0 1 246 0 5 1 16 0 1 0 
0 0 0 1 2 245 0 10 1 8 0 6 0 
0 0 0 2 0 0 0 15 0 11 0 16 0 
0 0 0 3 2 0 0 20 0 0 0 12 0 
0 0 0 4 2 0 0 25 0 20 0 9 0 
0 0 0 5 2 0 0 30 0 13 0 3 0 
0 0 0 6 2 0 0 35 0 5 0 9 0 
0 0 0 7 0 0 0 40 0 10 0 16 0 
0 0 0 8 0 0 0 45 0 7 0 15 0 
0 0 0 9 2 0 0 50 0 17 0 13 0 
0 0 0 10 2 0 0 55 0 4 0 12 0 
0 0 0 11 1 0 0 60 0 4 0 6 0 
0 0 0 12 0 0 0 65 0 11 0 4 0 
0 0 0 13 2 0 0 70 0 5 0 3 0 
0 0 0 14 0 0 0 75 0 4 0 0 0 
0 0 0 15 2 0 0 80 0 19 0 3 0 
0 0 0 16 1 0 0 85 0 10 0 15 0 
0 0 0 17 2 0 0 90 0 17 0 11 0 
0 0 0 18 1 0 0 95 0 3 0 7 0 
0 0 0 19 0 0 0 100 0 4 0 9 0 
0 0 0 20 1 0 0 105 0 4 0 6 0 
0 0 0 21 2 0 0 110 0 10 0 3 0 
0 0 0 22 2 0 0 115 0 17 0 4 0 
0 0 0 23 1 0 0 120 0 19 0 9 0 
0 0 0 24 1 0 0 125 0 14 0 13 0 
0 0 0 25 1 0 0 130 0 19 0 5 0 
0 0 0 26 2 0 0 135 0 7 0 1 0 
0 0 0 27 1 0 0 140 0 19 0 7 0 
0 0 0 28 1 0 0 145 0 19 0 4 0 
0 0 0 29 1 0 0 150 0 10 0 3 0 
0 0 0 0 0 0 0 0 0 0 0 0 0 0 0 0 0 0 0 0 0 0 0 0 0 0 0 0 0 0 
0 0 0 0 0 0 0 0 0 0 0 0 0 0 0 0 0 0 0 0 0 0 0 0 0 0 0 0 0 0 
0 0 0 0 0 0 0 0 0 0 0 0 0 0 0 0 0 0 0 0 0 0 0 0 0 0 0 0 0 0 
0 0 0 0 0 0 0 0 0 0 0 0 0 0 0 0 0 0 0 0 0 0 0 0 0 0 0 0 0 0 
0 0 0 0 9748 
0 0 0 0 1 251 0 5 1 16 0 1 0 
0 0 0 1 2 250 0 10 1 8 0 6 0 
0 0 0 2 0 0 0 15 0 11 0 16 0 
0 0 0 3 2 0 0 20 0 0 0 12 0 
0 0 0 4 2 0 0 25 0 20 0 9 0 
0 0 0 5 2 0 0 30 0 13 0 3 0 
0 0 0 6 2 0 0 35 0 5 0 9 0 
0 0 0 7 0 0 0 40 0 10 0 16 0 
0 0 0 8 0 0 0 45 0 7 0 15 0 
0 0 0 9 2 0 0 50 0 17 0 13 0 
0 0 0 10 2 0 0 55 0 4 0 12 0 
0 0 0 11 1 0 0 60 0 4 0 6 0 
0 0 0 12 0 0 0 65 0 11 0 4 0 
0 0 0 13 2 0 0 70 0 5 0 3 0 
0 0 0 14 0 0 0 75 0 4 0 0 0 
0 0 0 15 2 0 0 80 0 19 0 3 0 
0 0 0 16 1 0 0 85 0 10 0 15 0 
0 0 0 17 2 0 0 90 0 17 0 11 0 
0 0 0 18 1 0 0 95 0 3 0 7 0 
0 0 0 19 0 0 0 100 0 4 0 9 0 
0 0 0 20 1 0 0 105 0 4 0 6 0 
0 0 0 21 2 0 0 110 0 10 0 3 0 
0 0 0 22 2 0 0 115 0 17 0 4 0 
0 0 0 23 1 0 0 120 0 19 0 9 0 
0 0 0 24 1 0 0 125 0 14 0 13 0 
0 0 0 25 1 0 0 130 0 19 0 5 0 
0 0 0 26 2 0 0 135 0 7 0 1 0 
0 0 0 27 1 0 0 140 0 19 0 7 0 
0 0 0 28 1 0 0 145 0 19 0 4 0 
0 0 0 29 1 0 0 150 0 10 0 3 0 
0 0 0 0 0 0 0 0 0 0 0 0 0 0 0 0 0 0 0 0 0 0 0 0 0 0 0 0 0 0 
0 0 0 0 0 0 0 0 0 0 0 0 0 0 0 0 0 0 0 0 0 0 0 0 0 0 0 0 0 0 
0 0 0 0 0 0 0 0 0 0 0 0 0 0 0 0 0 0 0 0 0 0 0 0 0 0 0 0 0 0 
0 0 0 0 0 0 0 0 0 0 0 0 0 0 0 0 0 0 0 0 0 0 0 0 0 0 0 0 0 0 
0 0 0 0 9743 
0 0 0 0 1 1 0 5 1 16 0 1 0 
0 0 0 1 2 0 0 10 1 8 0 6 0 
0 0 0 2 0 0 0 15 0 11 0 16 0 
0 0 0 3 2 0 0 20 0 0 0 12 0 
0 0 0 4 2 0 0 25 0 20 0 9 0 
0 0 0 5 2 0 0 30 0 13 0 3 0 
0 0 0 6 2 0 0 35 0 5 0 9 0 
0 0 0 7 0 0 0 40 0 10 0 16 0 
0 0 0 8 0 0 0 45 0 7 0 15 0 
0 0 0 9 2 0 0 50 0 17 0 13 0 
0 0 0 10 2 0 0 55 0 4 0 12 0 
0 0 0 11 1 0 0 60 0 4 0 6 0 
0 0 0 12 0 0 0 65 0 11 0 4 0 
0 0 0 13 2 0 0 70 0 5 0 3 0 
0 0 0 14 0 0 0 75 0 4 0 0 0 
0 0 0 15 2 0 0 80 0 19 0 3 0 
0 0 0 16 1 0 0 85 0 10 0 15 0 
0 0 0 17 2 0 0 90 0 17 0 11 0 
0 0 0 18 1 0 0 95 0 3 0 7 0 
0 0 0 19 0 0 0 100 0 4 0 9 0 
0 0 0 20 1 0 0 105 0 4 0 6 0 
0 0 0 21 2 0 0 110 0 10 0 3 0 
0 0 0 22 2 0 0 115 0 17 0 4 0 
0 0 0 23 1 0 0 120 0 19 0 9 0 
0 0 0 24 1 0 0 125 0 14 0 13 0 
0 0 0 25 1 0 0 130 0 19 0 5 0 
0 0 0 26 2 0 0 135 0 7 0 1 0 
0 0 0 27 1 0 0 140 0 19 0 7 0 
0 0 0 28 1 0 0 145 0 19 0 4 0 
0 0 0 29 1 0 0 150 0 10 0 3 0 
0 0 0 0 0 0 0 0 0 0 0 0 0 0 0 0 0 0 0 0 0 0 0 0 0 0 0 0 0 0 
0 0 0 0 0 0 0 0 0 0 0 0 0 0 0 0 0 0 0 0 0 0 0 0 0 0 0 0 0 0 
0 0 0 0 0 0 0 0 0 0 0 0 0 0 0 0 0 0 0 0 0 0 0 0 0 0 0 0 0 0 
0 0 0 0 0 0 0 0 0 0 0 0 0 0 0 0 0 0 0 0 0 0 0 0 0 0 0 0 0 0 
0 0 0 0 9738 
0 0 0 0 1 128 0 5 1 16 0 1 0 
0 0 0 1 2 127 0 10 1 8 0 6 0 
0 0 0 2 0 0 0 15 0 11 0 16 0 
0 0 0 3 2 0 0 20 0 0 0 12 0 
0 0 0 4 2 0 0 25 0 20 0 9 0 
0 0 0 5 2 0 0 30 0 13 0 3 0 
0 0 0 6 2 0 0 35 0 5 0 9 0 
0 0 0 7 0 0 0 40 0 10 0 16 0 
0 0 0 8 0 0 0 45 0 7 0 15 0 
0 0 0 9 2 0 0 50 0 17 0 13 0 
0 0 0 10 2 0 0 55 0 4 0 12 0 
0 0 0 11 1 0 0 60 0 4 0 6 0 
0 0 0 12 0 0 0 65 0 11 0 4 0 
0 0 0 13 2 0 0 70 0 5 0 3 0 
0 0 0 14 0 0 0 75 0 4 0 0 0 
0 0 0 15 2 0 0 80 0 19 0 3 0 
0 0 0 16 1 0 0 85 0 10 0 15 0 
0 0 0 17 2 0 0 90 0 17 0 11 0 
0 0 0 18 1 0 0 95 0 3 0 7 0 
0 0 0 19 0 0 0 100 0 4 0 9 0 
0 0 0 20 1 0 0 105 0 4 0 6 0 
0 0 0 21 2 0 0 110 0 10 0 3 0 
0 0 0 22 2 0 0 115 0 17 0 4 0 
0 0 0 23 1 0 0 120 0 19 0 9 0 
0 0 0 24 1 0 0 125 0 14 0 13 0 
0 0 0 25 1 0 0 130 0 19 0 5 0 
0 0 0 26 2 0 0 135 0 7 0 1 0 
0 0 0 27 1 0 0 140 0 19 0 7 0 
0 0 0 28 1 0 0 145 0 19 0 4 0 
0 0 0 29 1 0 0 150 0 10 0 3 0 
0 0 0 0 0 0 0 0 0 0 0 0 0 0 0 0 0 0 0 0 0 0 0 0 0 0 0 0 0 0 
0 0 0 0 0 0 0 0 0 0 0 0 0 0 0 0 0 0 0 0 0 0 0 0 0 0 0 0 0 0 
0 0 0 0 0 0 0 0 0 0 0 0 0 0 0 0 0 0 0 0 0 0 0 0 0 0 0 0 0 0 
0 0 0 0 0 0 0 0 0 0 0 0 0 0 0 0 0 0 0 0 0 0 0 0 0 0 0 0 0 0 
0 0 0 0 9607 
0 0 0 0 1 134 0 5 1 16 0 1 0 
0 0 0 1 2 133 0 10 1 8 0 6 0 
0 0 0 2 0 0 0 15 0 11 0 16 0 
0 0 0 3 2 0 0 20 0 0 0 12 0 
0 0 0 4 2 0 0 25 0 20 0 9 0 
0 0 0 5 2 0 0 30 0 13 0 3 0 
0 0 0 6 2 0 0 35 0 5 0 9 0 
0 0 0 7 0 0 0 40 0 10 0 16 0 
0 0 0 8 0 0 0 45 0 7 0 15 0 
0 0 0 9 2 0 0 50 0 17 0 13 0 
0 0 0 10 2 0 0 55 0 4 0 12 0 
0 0 0 11 1 0 0 60 0 4 0 6 0 
0 0 0 12 0 0 0 65 0 11 0 4 0 
0 0 0 13 2 0 0 70 0 5 0 3 0 
0 0 0 14 0 0 0 75 0 4 0 0 0 
0 0 0 15 2 0 0 80 0 19 0 3 0 
0 0 0 16 1 0 0 85 0 10 0 15 0 
0 0 0 17 2 0 0 90 0 17 0 11 0 
0 0 0 18 1 0 0 95 0 3 0 7 0 
0 0 0 19 0 0 0 100 0 4 0 9 0 
0 0 0 20 1 0 0 105 0 4 0 6 0 
0 0 0 21 2 0 0 110 0 10 0 3 0 
0 0 0 22 2 0 0 115 0 17 0 4 0 
0 0 0 23 1 0 0 120 0 19 0 9 0 
0 0 0 24 1 0 0 125 0 14 0 13 0 
0 0 0 25 1 0 0 130 0 19 0 5 0 
0 0 0 26 2 0 0 135 0 7 0 1 0 
0 0 0 27 1 0 0 140 0 19 0 7 0 
0 0 0 28 1 0 0 145 0 19 0 4 0 
0 0 0 29 1 0 0 150 0 10 0 3 0 
0 0 0 0 0 0 0 0 0 0 0 0 0 0 0 0 0 0 0 0 0 0 0 0 0 0 0 0 0 0 
0 0 0 0 0 0 0 0 0 0 0 0 0 0 0 0 0 0 0 0 0 0 0 0 0 0 0 0 0 0 
0 0 0 0 0 0 0 0 0 0 0 0 0 0 0 0 0 0 0 0 0 0 0 0 0 0 0 0 0 0 
0 0 0 0 0 0 0 0 0 0 0 0 0 0 0 0 0 0 0 0 0 0 0 0 0 0 0 0 0 0 
0 0 0 0 9601 
0 1 0 0 1 4 0 5 1 16 0 1 0 
0 0 0 1 2 139 0 10 1 8 0 6 0 
0 0 0 2 0 0 0 15 0 11 0 16 0 
0 0 0 3 2 0 0 20 0 0 0 12 0 
0 0 0 4 2 0 0 25 0 20 0 9 0 
0 0 0 5 2 0 0 30 0 13 0 3 0 
0 0 0 6 2 0 0 35 0 5 0 9 0 
0 0 0 7 0 0 0 40 0 10 0 16 0 
0 0 0 8 0 0 0 45 0 7 0 15 0 
0 0 0 9 2 0 0 50 0 17 0 13 0 
0 0 0 10 2 0 0 55 0 4 0 12 0 
0 0 0 11 1 0 0 60 0 4 0 6 0 
0 0 0 12 0 0 0 65 0 11 0 4 0 
0 0 0 13 2 0 0 70 0 5 0 3 0 
0 0 0 14 0 0 0 75 0 4 0 0 0 
0 0 0 15 2 0 0 80 0 19 0 3 0 
0 0 0 16 1 0 0 85 0 10 0 15 0 
0 0 0 17 2 0 0 90 0 17 0 11 0 
0 0 0 18 1 0 0 95 0 3 0 7 0 
0 0 0 19 0 0 0 100 0 4 0 9 0 
0 0 0 20 1 0 0 105 0 4 0 6 0 
0 0 0 21 2 0 0 110 0 10 0 3 0 
0 0 0 22 2 0 0 115 0 17 0 4 0 
0 0 0 23 1 0 0 120 0 19 0 9 0 
0 0 0 24 1 0 0 125 0 14 0 13 0 
0 0 0 25 1 0 0 130 0 19 0 5 0 
0 0 0 26 2 0 0 135 0 7 0 1 0 
0 0 0 27 1 0 0 140 0 19 0 7 0 
0 0 0 28 1 0 0 145 0 19 0 4 0 
0 0 0 29 1 0 0 150 0 10 0 3 0 
0 0 0 0 0 0 0 0 0 0 0 0 0 0 0 0 0 0 0 0 0 0 0 0 0 0 0 0 0 0 
0 0 0 0 0 0 0 0 0 0 0 0 0 0 0 0 0 0 0 0 0 0 0 0 0 0 0 0 0 0 
0 0 0 0 0 0 0 0 0 0 0 0 0 0 0 0 0 0 0 0 0 0 0 0 0 0 0 0 0 0 
0 0 0 0 0 0 0 0 0 0 0 0 0 0 0 0 0 0 0 0 0 0 0 0 0 0 0 0 0 0 
0 0 0 0 9595 
0 1 0 0 1 48 0 5 1 16 0 1 0 
0 0 0 1 2 183 0 10 1 8 0 6 0 
0 0 0 2 0 0 0 15 0 11 0 16 0 
0 0 0 3 2 0 0 20 0 0 0 12 0 
0 0 0 4 2 0 0 25 0 20 0 9 0 
0 0 0 5 2 0 0 30 0 13 0 3 0 
0 0 0 6 2 0 0 35 0 5 0 9 0 
0 0 0 7 0 0 0 40 0 10 0 16 0 
0 0 0 8 0 0 0 45 0 7 0 15 0 
0 0 0 9 2 0 0 50 0 17 0 13 0 
0 0 0 10 2 0 0 55 0 4 0 12 0 
0 0 0 11 1 0 0 60 0 4 0 6 0 
0 0 0 12 0 0 0 65 0 11 0 4 0 
0 0 0 13 2 0 0 70 0 5 0 3 0 
0 0 0 14 0 0 0 75 0 4 0 0 0 
0 0 0 15 2 0 0 80 0 19 0 3 0 
0 0 0 16 1 0 0 85 0 10 0 15 0 
0 0 0 17 2 0 0 90 0 17 0 11 0 
0 0 0 18 1 0 0 95 0 3 0 7 0 
0 0 0 19 0 0 0 100 0 4 0 9 0 
0 0 0 20 1 0 0 105 0 4 0 6 0 
0 0 0 21 2 0 0 110 0 10 0 3 0 
0 0 0 22 2 0 0 115 0 17 0 4 0 
0 0 0 23 1 0 0 120 0 19 0 9 0 
0 0 0 24 1 0 0 125 0 14 0 13 0 
0 0 0 25 1 0 0 130 0 19 0 5 0 
0 0 0 26 2 0 0 135 0 7 0 1 0 
0 0 0 27 1 0 0 140 0 19 0 7 0 
0 0 0 28 1 0 0 145 0 19 0 4 0 
0 0 0 29 1 0 0 150 0 10 0 3 0 
0 0 0 0 0 0 0 0 0 0 0 0 0 0 0 0 0 0 0 0 0 0 0 0 0 0 0 0 0 0 
0 0 0 0 0 0 0 0 0 0 0 0 0 0 0 0 0 0 0 0 0 0 0 0 0 0 0 0 0 0 
0 0 0 0 0 0 0 0 0 0 0 0 0 0 0 0 0 0 0 0 0 0 0 0 0 0 0 0 0 0 
0 0 0 0 0 0 0 0 0 0 0 0 0 0 0 0 0 0 0 0 0 0 0 0 0 0 0 0 0 0 
0 0 0 0 9551 
0 1 0 0 1 58 0 5 1 16 0 1 0 
0 0 0 1 2 193 0 10 1 8 0 6 0 
0 0 0 2 0 0 0 15 0 11 0 16 0 
0 0 0 3 2 0 0 20 0 0 0 12 0 
0 0 0 4 2 0 0 25 0 20 0 9 0 
0 0 0 5 2 0 0 30 0 13 0 3 0 
0 0 0 6 2 0 0 35 0 5 0 9 0 
0 0 0 7 0 0 0 40 0 10 0 16 0 
0 0 0 8 0 0 0 45 0 7 0 15 0 
0 0 0 9 2 0 0 50 0 17 0 13 0 
0 0 0 10 2 0 0 55 0 4 0 12 0 
0 0 0 11 1 0 0 60 0 4 0 6 0 
0 0 0 12 0 0 0 65 0 11 0 4 0 
0 0 0 13 2 0 0 70 0 5 0 3 0 
0 0 0 14 0 0 0 75 0 4 0 0 0 
0 0 0 15 2 0 0 80 0 19 0 3 0 
0 0 0 16 1 0 0 85 0 10 0 15 0 
0 0 0 17 2 0 0 90 0 17 0 11 0 
0 0 0 18 1 0 0 95 0 3 0 7 0 
0 0 0 19 0 0 0 100 0 4 0 9 0 
0 0 0 20 1 0 0 105 0 4 0 6 0 
0 0 0 21 2 0 0 110 0 10 0 3 0 
0 0 0 22 2 0 0 115 0 17 0 4 0 
0 0 0 23 1 0 0 120 0 19 0 9 0 
0 0 0 24 1 0 0 125 0 14 0 13 0 
0 0 0 25 1 0 0 130 0 19 0 5 0 
0 0 0 26 2 0 0 135 0 7 0 1 0 
0 0 0 27 1 0 0 140 0 19 0 7 0 
0 0 0 28 1 0 0 145 0 19 0 4 0 
0 0 0 29 1 0 0 150 0 10 0 3 0 
0 0 0 0 0 0 0 0 0 0 0 0 0 0 0 0 0 0 0 0 0 0 0 0 0 0 0 0 0 0 
0 0 0 0 0 0 0 0 0 0 0 0 0 0 0 0 0 0 0 0 0 0 0 0 0 0 0 0 0 0 
0 0 0 0 0 0 0 0 0 0 0 0 0 0 0 0 0 0 0 0 0 0 0 0 0 0 0 0 0 0 
0 0 0 0 0 0 0 0 0 0 0 0 0 0 0 0 0 0 0 0 0 0 0 0 0 0 0 0 0 0 
0 0 0 0 9541 
0 0 0 0 1 0 0 11 0 14 0 7 0 
0 0 0 1 2 100 0 10 1 8 0 6 0 
0 0 0 2 0 122 0 15 1 11 0 16 0 
0 0 0 3 2 0 0 20 0 0 0 12 0 
0 0 0 4 2 0 0 25 0 20 0 9 0 
0 0 0 5 2 0 0 30 0 13 0 3 0 
0 0 0 6 2 0 0 35 0 5 0 9 0 
0 0 0 7 0 0 0 40 0 10 0 16 0 
0 0 0 8 0 0 0 45 0 7 0 15 0 
0 0 0 9 2 0 0 50 0 17 0 13 0 
0 0 0 10 2 0 0 55 0 4 0 12 0 
0 0 0 11 1 0 0 60 0 4 0 6 0 
0 0 0 12 0 0 0 65 0 11 0 4 0 
0 0 0 13 2 0 0 70 0 5 0 3 0 
0 0 0 14 0 0 0 75 0 4 0 0 0 
0 0 0 15 2 0 0 80 0 19 0 3 0 
0 0 0 16 1 0 0 85 0 10 0 15 0 
0 0 0 17 2 0 0 90 0 17 0 11 0 
0 0 0 18 1 0 0 95 0 3 0 7 0 
0 0 0 19 0 0 0 100 0 4 0 9 0 
0 0 0 20 1 0 0 105 0 4 0 6 0 
0 0 0 21 2 0 0 110 0 10 0 3 0 
0 0 0 22 2 0 0 115 0 17 0 4 0 
0 0 0 23 1 0 0 120 0 19 0 9 0 
0 0 0 24 1 0 0 125 0 14 0 13 0 
0 0 0 25 1 0 0 130 0 19 0 5 0 
0 0 0 26 2 0 0 135 0 7 0 1 0 
0 0 0 27 1 0 0 140 0 19 0 7 0 
0 0 0 28 1 0 0 145 0 19 0 4 0 
0 0 0 29 1 0 0 150 0 10 0 3 0 
0 0 0 0 0 0 0 0 0 0 0 0 0 0 0 0 0 0 0 0 0 0 0 0 0 0 0 0 0 0 
0 0 0 0 0 0 0 0 0 0 0 0 0 0 0 0 0 0 0 0 0 0 0 0 0 0 0 0 0 0 
0 0 0 0 0 0 0 0 0 0 0 0 0 0 0 0 0 0 0 0 0 0 0 0 0 0 0 0 0 0 
0 0 0 0 0 0 0 0 0 0 0 0 0 0 0 0 0 0 0 0 0 0 0 0 0 0 0 0 0 0 
0 0 0 0 9114 
0 0 0 0 1 39 0 11 1 14 0 7 0 
0 1 0 1 2 26 0 10 1 8 0 6 0 
0 0 0 2 0 161 0 15 1 11 0 16 0 
0 0 0 3 2 0 0 20 0 0 0 12 0 
0 0 0 4 2 0 0 25 0 20 0 9 0 
0 0 0 5 2 0 0 30 0 13 0 3 0 
0 0 0 6 2 0 0 35 0 5 0 9 0 
0 0 0 7 0 0 0 40 0 10 0 16 0 
0 0 0 8 0 0 0 45 0 7 0 15 0 
0 0 0 9 2 0 0 50 0 17 0 13 0 
0 0 0 10 2 0 0 55 0 4 0 12 0 
0 0 0 11 1 0 0 60 0 4 0 6 0 
0 0 0 12 0 0 0 65 0 11 0 4 0 
0 0 0 13 2 0 0 70 0 5 0 3 0 
0 0 0 14 0 0 0 75 0 4 0 0 0 
0 0 0 15 2 0 0 80 0 19 0 3 0 
0 0 0 16 1 0 0 85 0 10 0 15 0 
0 0 0 17 2 0 0 90 0 17 0 11 0 
0 0 0 18 1 0 0 95 0 3 0 7 0 
0 0 0 19 0 0 0 100 0 4 0 9 0 
0 0 0 20 1 0 0 105 0 4 0 6 0 
0 0 0 21 2 0 0 110 0 10 0 3 0 
0 0 0 22 2 0 0 115 0 17 0 4 0 
0 0 0 23 1 0 0 120 0 19 0 9 0 
0 0 0 24 1 0 0 125 0 14 0 13 0 
0 0 0 25 1 0 0 130 0 19 0 5 0 
0 0 0 26 2 0 0 135 0 7 0 1 0 
0 0 0 27 1 0 0 140 0 19 0 7 0 
0 0 0 28 1 0 0 145 0 19 0 4 0 
0 0 0 29 1 0 0 150 0 10 0 3 0 
0 0 0 0 0 0 0 0 0 0 0 0 0 0 0 0 0 0 0 0 0 0 0 0 0 0 0 0 0 0 
0 0 0 0 0 0 0 0 0 0 0 0 0 0 0 0 0 0 0 0 0 0 0 0 0 0 0 0 0 0 
0 0 0 0 0 0 0 0 0 0 0 0 0 0 0 0 0 0 0 0 0 0 0 0 0 0 0 0 0 0 
0 0 0 0 0 0 0 0 0 0 0 0 0 0 0 0 0 0 0 0 0 0 0 0 0 0 0 0 0 0 
0 0 0 0 9073 
0 0 0 0 1 0 0 16 0 12 0 5 0 
1 2 1 1 2 0 0 10 1 8 0 6 0 
0 0 0 2 0 108 0 15 1 11 0 16 0 
0 0 0 3 2 128 0 20 1 0 0 12 0 
0 0 0 4 2 0 0 25 0 20 0 9 0 
0 0 0 5 2 0 0 30 0 13 0 3 0 
0 0 0 6 2 0 0 35 0 5 0 9 0 
0 0 0 7 0 0 0 40 0 10 0 16 0 
0 0 0 8 0 0 0 45 0 7 0 15 0 
0 0 0 9 2 0 0 50 0 17 0 13 0 
0 0 0 10 2 0 0 55 0 4 0 12 0 
0 0 0 11 1 0 0 60 0 4 0 6 0 
0 0 0 12 0 0 0 65 0 11 0 4 0 
0 0 0 13 2 0 0 70 0 5 0 3 0 
0 0 0 14 0 0 0 75 0 4 0 0 0 
0 0 0 15 2 0 0 80 0 19 0 3 0 
0 0 0 16 1 0 0 85 0 10 0 15 0 
0 0 0 17 2 0 0 90 0 17 0 11 0 
0 0 0 18 1 0 0 95 0 3 0 7 0 
0 0 0 19 0 0 0 100 0 4 0 9 0 
0 0 0 20 1 0 0 105 0 4 0 6 0 
0 0 0 21 2 0 0 110 0 10 0 3 0 
0 0 0 22 2 0 0 115 0 17 0 4 0 
0 0 0 23 1 0 0 120 0 19 0 9 0 
0 0 0 24 1 0 0 125 0 14 0 13 0 
0 0 0 25 1 0 0 130 0 19 0 5 0 
0 0 0 26 2 0 0 135 0 7 0 1 0 
0 0 0 27 1 0 0 140 0 19 0 7 0 
0 0 0 28 1 0 0 145 0 19 0 4 0 
0 0 0 29 1 0 0 150 0 10 0 3 0 
0 0 0 0 0 0 0 0 0 0 0 0 0 0 0 0 0 0 0 0 0 0 0 0 0 0 0 0 0 0 
1 0 0 0 0 0 0 0 0 0 0 0 0 0 0 0 0 0 0 0 0 0 0 0 0 0 0 0 0 0 
0 0 0 0 0 0 0 0 0 0 0 0 0 0 0 0 0 0 0 0 0 0 0 0 0 0 0 0 0 0 
0 0 0 0 0 0 0 0 0 0 0 0 0 0 0 0 0 0 0 0 0 0 0 0 0 0 0 0 0 0 
0 1 0 0 8606 
1 2 1 0 1 0 0 16 1 12 0 5 0 
1 2 1 1 2 0 0 10 1 8 0 6 0 
1 2 1 2 0 0 0 15 1 11 0 16 0 
0 0 0 3 2 0 0 23 0 9 0 7 0 
0 0 0 4 2 145 0 25 1 20 0 9 0 
0 0 0 5 2 167 0 30 1 13 0 3 0 
0 0 0 6 2 0 0 35 0 5 0 9 0 
0 0 0 7 0 0 0 40 0 10 0 16 0 
0 0 0 8 0 0 0 45 0 7 0 15 0 
0 0 0 9 2 0 0 50 0 17 0 13 0 
0 0 0 10 2 0 0 55 0 4 0 12 0 
0 0 0 11 1 0 0 60 0 4 0 6 0 
0 0 0 12 0 0 0 65 0 11 0 4 0 
0 0 0 13 2 0 0 70 0 5 0 3 0 
0 0 0 14 0 0 0 75 0 4 0 0 0 
0 0 0 15 2 0 0 80 0 19 0 3 0 
0 0 0 16 1 0 0 85 0 10 0 15 0 
0 0 0 17 2 0 0 90 0 17 0 11 0 
0 0 0 18 1 0 0 95 0 3 0 7 0 
0 0 0 19 0 0 0 100 0 4 0 9 0 
0 0 0 20 1 0 0 105 0 4 0 6 0 
0 0 0 21 2 0 0 110 0 10 0 3 0 
0 0 0 22 2 0 0 115 0 17 0 4 0 
0 0 0 23 1 0 0 120 0 19 0 9 0 
0 0 0 24 1 0 0 125 0 14 0 13 0 
0 0 0 25 1 0 0 130 0 19 0 5 0 
0 0 0 26 2 0 0 135 0 7 0 1 0 
0 0 0 27 1 0 0 140 0 19 0 7 0 
0 0 0 28 1 0 0 145 0 19 0 4 0 
0 0 0 29 1 0 0 150 0 10 0 3 0 
3 0 0 0 0 0 0 0 0 0 0 0 0 0 0 0 0 0 0 0 0 0 0 0 0 0 0 0 0 0 
1 2 0 0 0 0 0 0 0 0 0 0 0 0 0 0 0 0 0 0 0 0 0 0 0 0 0 0 0 0 
0 0 0 0 0 0 0 0 0 0 0 0 0 0 0 0 0 0 0 0 0 0 0 0 0 0 0 0 0 0 
0 0 0 0 0 0 0 0 0 0 0 0 0 0 0 0 0 0 0 0 0 0 0 0 0 0 0 0 0 0 
0 2 0 1 7828 
1 2 1 0 1 0 0 16 1 12 0 5 0 
1 2 1 1 2 0 0 10 1 8 0 6 0 
1 2 1 2 0 0 0 15 1 11 0 16 0 
0 1 0 3 2 55 0 23 1 9 0 7 0 
0 0 0 4 2 227 0 25 1 20 0 9 0 
0 0 0 5 2 249 0 30 1 13 0 3 0 
0 0 0 6 2 0 0 35 0 5 0 9 0 
0 0 0 7 0 0 0 40 0 10 0 16 0 
0 0 0 8 0 0 0 45 0 7 0 15 0 
0 0 0 9 2 0 0 50 0 17 0 13 0 
0 0 0 10 2 0 0 55 0 4 0 12 0 
0 0 0 11 1 0 0 60 0 4 0 6 0 
0 0 0 12 0 0 0 65 0 11 0 4 0 
0 0 0 13 2 0 0 70 0 5 0 3 0 
0 0 0 14 0 0 0 75 0 4 0 0 0 
0 0 0 15 2 0 0 80 0 19 0 3 0 
0 0 0 16 1 0 0 85 0 10 0 15 0 
0 0 0 17 2 0 0 90 0 17 0 11 0 
0 0 0 18 1 0 0 95 0 3 0 7 0 
0 0 0 19 0 0 0 100 0 4 0 9 0 
0 0 0 20 1 0 0 105 0 4 0 6 0 
0 0 0 21 2 0 0 110 0 10 0 3 0 
0 0 0 22 2 0 0 115 0 17 0 4 0 
0 0 0 23 1 0 0 120 0 19 0 9 0 
0 0 0 24 1 0 0 125 0 14 0 13 0 
0 0 0 25 1 0 0 130 0 19 0 5 0 
0 0 0 26 2 0 0 135 0 7 0 1 0 
0 0 0 27 1 0 0 140 0 19 0 7 0 
0 0 0 28 1 0 0 145 0 19 0 4 0 
0 0 0 29 1 0 0 150 0 10 0 3 0 
3 0 0 0 0 0 0 0 0 0 0 0 0 0 0 0 0 0 0 0 0 0 0 0 0 0 0 0 0 0 
1 2 0 0 0 0 0 0 0 0 0 0 0 0 0 0 0 0 0 0 0 0 0 0 0 0 0 0 0 0 
0 0 0 0 0 0 0 0 0 0 0 0 0 0 0 0 0 0 0 0 0 0 0 0 0 0 0 0 0 0 
0 0 0 0 0 0 0 0 0 0 0 0 0 0 0 0 0 0 0 0 0 0 0 0 0 0 0 0 0 0 
0 2 0 1 7744 
1 2 1 0 1 0 0 16 1 12 0 5 0 
1 2 1 1 2 0 0 10 1 8 0 6 0 
1 2 1 2 0 0 0 15 1 11 0 16 0 
1 2 1 3 2 0 0 23 1 9 0 7 0 
0 0 0 4 2 0 0 28 0 6 0 1 0 
0 0 0 5 2 141 0 30 1 13 0 3 0 
0 0 0 6 2 161 0 35 1 5 0 9 0 
0 0 0 7 0 0 0 40 0 10 0 16 0 
0 0 0 8 0 0 0 45 0 7 0 15 0 
0 0 0 9 2 0 0 50 0 17 0 13 0 
0 0 0 10 2 0 0 55 0 4 0 12 0 
0 0 0 11 1 0 0 60 0 4 0 6 0 
0 0 0 12 0 0 0 65 0 11 0 4 0 
0 0 0 13 2 0 0 70 0 5 0 3 0 
0 0 0 14 0 0 0 75 0 4 0 0 0 
0 0 0 15 2 0 0 80 0 19 0 3 0 
0 0 0 16 1 0 0 85 0 10 0 15 0 
0 0 0 17 2 0 0 90 0 17 0 11 0 
0 0 0 18 1 0 0 95 0 3 0 7 0 
0 0 0 19 0 0 0 100 0 4 0 9 0 
0 0 0 20 1 0 0 105 0 4 0 6 0 
0 0 0 21 2 0 0 110 0 10 0 3 0 
0 0 0 22 2 0 0 115 0 17 0 4 0 
0 0 0 23 1 0 0 120 0 19 0 9 0 
0 0 0 24 1 0 0 125 0 14 0 13 0 
0 0 0 25 1 0 0 130 0 19 0 5 0 
0 0 0 26 2 0 0 135 0 7 0 1 0 
0 0 0 27 1 0 0 140 0 19 0 7 0 
0 0 0 28 1 0 0 145 0 19 0 4 0 
0 0 0 29 1 0 0 150 0 10 0 3 0 
3 0 0 0 0 0 0 0 0 0 0 0 0 0 0 0 0 0 0 0 0 0 0 0 0 0 0 0 0 0 
1 2 0 0 0 0 0 0 0 0 0 0 0 0 0 0 0 0 0 0 0 0 0 0 0 0 0 0 0 0 
4 0 0 0 0 0 0 0 0 0 0 0 0 0 0 0 0 0 0 0 0 0 0 0 0 0 0 0 0 0 
0 0 0 0 0 0 0 0 0 0 0 0 0 0 0 0 0 0 0 0 0 0 0 0 0 0 0 0 0 0 
1 2 0 1 7334 
1 2 1 0 1 0 0 16 1 12 0 5 0 
1 2 1 1 2 0 0 10 1 8 0 6 0 
1 2 1 2 0 0 0 15 1 11 0 16 0 
1 2 1 3 2 0 0 23 1 9 0 7 0 
0 1 0 4 2 95 0 28 1 6 0 1 0 
0 0 0 5 2 12 0 30 1 13 0 3 0 
0 0 0 6 2 32 0 35 1 5 0 9 0 
0 0 0 7 0 0 0 40 0 10 0 16 0 
0 0 0 8 0 0 0 45 0 7 0 15 0 
0 0 0 9 2 0 0 50 0 17 0 13 0 
0 0 0 10 2 0 0 55 0 4 0 12 0 
0 0 0 11 1 0 0 60 0 4 0 6 0 
0 0 0 12 0 0 0 65 0 11 0 4 0 
0 0 0 13 2 0 0 70 0 5 0 3 0 
0 0 0 14 0 0 0 75 0 4 0 0 0 
0 0 0 15 2 0 0 80 0 19 0 3 0 
0 0 0 16 1 0 0 85 0 10 0 15 0 
0 0 0 17 2 0 0 90 0 17 0 11 0 
0 0 0 18 1 0 0 95 0 3 0 7 0 
0 0 0 19 0 0 0 100 0 4 0 9 0 
0 0 0 20 1 0 0 105 0 4 0 6 0 
0 0 0 21 2 0 0 110 0 10 0 3 0 
0 0 0 22 2 0 0 115 0 17 0 4 0 
0 0 0 23 1 0 0 120 0 19 0 9 0 
0 0 0 24 1 0 0 125 0 14 0 13 0 
0 0 0 25 1 0 0 130 0 19 0 5 0 
0 0 0 26 2 0 0 135 0 7 0 1 0 
0 0 0 27 1 0 0 140 0 19 0 7 0 
0 0 0 28 1 0 0 145 0 19 0 4 0 
0 0 0 29 1 0 0 150 0 10 0 3 0 
3 0 0 0 0 0 0 0 0 0 0 0 0 0 0 0 0 0 0 0 0 0 0 0 0 0 0 0 0 0 
1 2 0 0 0 0 0 0 0 0 0 0 0 0 0 0 0 0 0 0 0 0 0 0 0 0 0 0 0 0 
4 0 0 0 0 0 0 0 0 0 0 0 0 0 0 0 0 0 0 0 0 0 0 0 0 0 0 0 0 0 
0 0 0 0 0 0 0 0 0 0 0 0 0 0 0 0 0 0 0 0 0 0 0 0 0 0 0 0 0 0 
1 2 0 1 7204 
1 2 1 0 1 0 0 16 1 12 0 5 0 
1 2 1 1 2 0 0 10 1 8 0 6 0 
1 2 1 2 0 0 0 15 1 11 0 16 0 
1 2 1 3 2 0 0 23 1 9 0 7 0 
0 2 1 4 2 0 0 28 1 6 0 1 0 
0 0 0 5 2 97 0 30 1 13 0 3 0 
0 0 0 6 2 117 0 35 1 5 0 9 0 
0 0 0 7 0 0 0 40 0 10 0 16 0 
0 0 0 8 0 0 0 45 0 7 0 15 0 
0 0 0 9 2 0 0 50 0 17 0 13 0 
0 0 0 10 2 0 0 55 0 4 0 12 0 
0 0 0 11 1 0 0 60 0 4 0 6 0 
0 0 0 12 0 0 0 65 0 11 0 4 0 
0 0 0 13 2 0 0 70 0 5 0 3 0 
0 0 0 14 0 0 0 75 0 4 0 0 0 
0 0 0 15 2 0 0 80 0 19 0 3 0 
0 0 0 16 1 0 0 85 0 10 0 15 0 
0 0 0 17 2 0 0 90 0 17 0 11 0 
0 0 0 18 1 0 0 95 0 3 0 7 0 
0 0 0 19 0 0 0 100 0 4 0 9 0 
0 0 0 20 1 0 0 105 0 4 0 6 0 
0 0 0 21 2 0 0 110 0 10 0 3 0 
0 0 0 22 2 0 0 115 0 17 0 4 0 
0 0 0 23 1 0 0 120 0 19 0 9 0 
0 0 0 24 1 0 0 125 0 14 0 13 0 
0 0 0 25 1 0 0 130 0 19 0 5 0 
0 0 0 26 2 0 0 135 0 7 0 1 0 
0 0 0 27 1 0 0 140 0 19 0 7 0 
0 0 0 28 1 0 0 145 0 19 0 4 0 
0 0 0 29 1 0 0 150 0 10 0 3 0 
3 0 0 0 0 0 0 0 0 0 0 0 0 0 0 0 0 0 0 0 0 0 0 0 0 0 0 0 0 0 
1 2 0 0 0 0 0 0 0 0 0 0 0 0 0 0 0 0 0 0 0 0 0 0 0 0 0 0 0 0 
4 0 0 0 0 0 0 0 0 0 0 0 0 0 0 0 0 0 0 0 0 0 0 0 0 0 0 0 0 0 
0 0 0 0 0 0 0 0 0 0 0 0 0 0 0 0 0 0 0 0 0 0 0 0 0 0 0 0 0 0 
1 2 0 1 7117 
1 2 1 0 1 0 0 16 1 12 0 5 0 
1 2 1 1 2 0 0 10 1 8 0 6 0 
1 2 1 2 0 0 0 15 1 11 0 16 0 
0 0 0 3 2 0 0 38 0 8 0 1 0 
1 2 1 4 2 0 0 28 1 6 0 1 0 
1 2 1 5 2 0 0 30 1 13 0 3 0 
1 2 1 6 2 0 0 35 1 5 0 9 0 
0 0 0 7 0 77 0 40 1 10 0 16 0 
0 0 0 8 0 99 0 45 1 7 0 15 0 
0 0 0 9 2 0 0 50 0 17 0 13 0 
0 0 0 10 2 0 0 55 0 4 0 12 0 
0 0 0 11 1 0 0 60 0 4 0 6 0 
0 0 0 12 0 0 0 65 0 11 0 4 0 
0 0 0 13 2 0 0 70 0 5 0 3 0 
0 0 0 14 0 0 0 75 0 4 0 0 0 
0 0 0 15 2 0 0 80 0 19 0 3 0 
0 0 0 16 1 0 0 85 0 10 0 15 0 
0 0 0 17 2 0 0 90 0 17 0 11 0 
0 0 0 18 1 0 0 95 0 3 0 7 0 
0 0 0 19 0 0 0 100 0 4 0 9 0 
0 0 0 20 1 0 0 105 0 4 0 6 0 
0 0 0 21 2 0 0 110 0 10 0 3 0 
0 0 0 22 2 0 0 115 0 17 0 4 0 
0 0 0 23 1 0 0 120 0 19 0 9 0 
0 0 0 24 1 0 0 125 0 14 0 13 0 
0 0 0 25 1 0 0 130 0 19 0 5 0 
0 0 0 26 2 0 0 135 0 7 0 1 0 
0 0 0 27 1 0 0 140 0 19 0 7 0 
0 0 0 28 1 0 0 145 0 19 0 4 0 
0 0 0 29 1 0 0 150 0 10 0 3 0 
6 6 0 0 0 0 0 0 0 0 0 0 0 0 0 0 0 0 0 0 0 0 0 0 0 0 0 0 0 0 
1 2 5 4 0 0 0 0 0 0 0 0 0 0 0 0 0 0 0 0 0 0 0 0 0 0 0 0 0 0 
4 0 0 0 0 0 0 0 0 0 0 0 0 0 0 0 0 0 0 0 0 0 0 0 0 0 0 0 0 0 
0 0 0 0 0 0 0 0 0 0 0 0 0 0 0 0 0 0 0 0 0 0 0 0 0 0 0 0 0 0 
1 4 0 1 6398 
1 2 1 0 1 0 0 16 1 12 0 5 0 
1 2 1 1 2 0 0 10 1 8 0 6 0 
1 2 1 2 0 0 0 15 1 11 0 16 0 
0 0 0 3 2 2 0 38 1 8 0 1 0 
1 2 1 4 2 0 0 28 1 6 0 1 0 
1 2 1 5 2 0 0 30 1 13 0 3 0 
0 0 0 6 2 0 0 39 0 15 0 7 0 
0 0 0 7 0 79 0 40 1 10 0 16 0 
0 0 0 8 0 101 0 45 1 7 0 15 0 
0 0 0 9 2 0 0 50 0 17 0 13 0 
0 0 0 10 2 0 0 55 0 4 0 12 0 
0 0 0 11 1 0 0 60 0 4 0 6 0 
0 0 0 12 0 0 0 65 0 11 0 4 0 
0 0 0 13 2 0 0 70 0 5 0 3 0 
0 0 0 14 0 0 0 75 0 4 0 0 0 
0 0 0 15 2 0 0 80 0 19 0 3 0 
0 0 0 16 1 0 0 85 0 10 0 15 0 
0 0 0 17 2 0 0 90 0 17 0 11 0 
0 0 0 18 1 0 0 95 0 3 0 7 0 
0 0 0 19 0 0 0 100 0 4 0 9 0 
0 0 0 20 1 0 0 105 0 4 0 6 0 
0 0 0 21 2 0 0 110 0 10 0 3 0 
0 0 0 22 2 0 0 115 0 17 0 4 0 
0 0 0 23 1 0 0 120 0 19 0 9 0 
0 0 0 24 1 0 0 125 0 14 0 13 0 
0 0 0 25 1 0 0 130 0 19 0 5 0 
0 0 0 26 2 0 0 135 0 7 0 1 0 
0 0 0 27 1 0 0 140 0 19 0 7 0 
0 0 0 28 1 0 0 145 0 19 0 4 0 
0 0 0 29 1 0 0 150 0 10 0 3 0 
6 6 0 0 0 0 0 0 0 0 0 0 0 0 0 0 0 0 0 0 0 0 0 0 0 0 0 0 0 0 
1 2 5 4 0 0 0 0 0 0 0 0 0 0 0 0 0 0 0 0 0 0 0 0 0 0 0 0 0 0 
4 0 0 0 0 0 0 0 0 0 0 0 0 0 0 0 0 0 0 0 0 0 0 0 0 0 0 0 0 0 
0 0 0 0 0 0 0 0 0 0 0 0 0 0 0 0 0 0 0 0 0 0 0 0 0 0 0 0 0 0 
0 4 0 1 6396 
1 2 1 0 1 0 0 16 1 12 0 5 0 
1 2 1 1 2 0 0 10 1 8 0 6 0 
1 2 1 2 0 0 0 15 1 11 0 16 0 
0 1 0 3 2 5 0 38 1 8 0 1 0 
1 2 1 4 2 0 0 28 1 6 0 1 0 
1 2 1 5 2 0 0 30 1 13 0 3 0 
0 0 0 6 2 100 0 39 1 15 0 7 0 
0 0 0 7 0 179 0 40 1 10 0 16 0 
0 0 0 8 0 201 0 45 1 7 0 15 0 
0 0 0 9 2 0 0 50 0 17 0 13 0 
0 0 0 10 2 0 0 55 0 4 0 12 0 
0 0 0 11 1 0 0 60 0 4 0 6 0 
0 0 0 12 0 0 0 65 0 11 0 4 0 
0 0 0 13 2 0 0 70 0 5 0 3 0 
0 0 0 14 0 0 0 75 0 4 0 0 0 
0 0 0 15 2 0 0 80 0 19 0 3 0 
0 0 0 16 1 0 0 85 0 10 0 15 0 
0 0 0 17 2 0 0 90 0 17 0 11 0 
0 0 0 18 1 0 0 95 0 3 0 7 0 
0 0 0 19 0 0 0 100 0 4 0 9 0 
0 0 0 20 1 0 0 105 0 4 0 6 0 
0 0 0 21 2 0 0 110 0 10 0 3 0 
0 0 0 22 2 0 0 115 0 17 0 4 0 
0 0 0 23 1 0 0 120 0 19 0 9 0 
0 0 0 24 1 0 0 125 0 14 0 13 0 
0 0 0 25 1 0 0 130 0 19 0 5 0 
0 0 0 26 2 0 0 135 0 7 0 1 0 
0 0 0 27 1 0 0 140 0 19 0 7 0 
0 0 0 28 1 0 0 145 0 19 0 4 0 
0 0 0 29 1 0 0 150 0 10 0 3 0 
6 6 0 0 0 0 0 0 0 0 0 0 0 0 0 0 0 0 0 0 0 0 0 0 0 0 0 0 0 0 
1 2 5 4 0 0 0 0 0 0 0 0 0 0 0 0 0 0 0 0 0 0 0 0 0 0 0 0 0 0 
4 0 0 0 0 0 0 0 0 0 0 0 0 0 0 0 0 0 0 0 0 0 0 0 0 0 0 0 0 0 
0 0 0 0 0 0 0 0 0 0 0 0 0 0 0 0 0 0 0 0 0 0 0 0 0 0 0 0 0 0 
0 4 0 1 6294 
0 0 0 0 1 0 0 41 0 6 0 3 0 
1 2 1 1 2 0 0 10 1 8 0 6 0 
1 2 1 2 0 0 0 15 1 11 0 16 0 
0 1 0 3 2 34 0 38 1 8 0 1 0 
1 2 1 4 2 0 0 28 1 6 0 1 0 
1 2 1 5 2 0 0 30 1 13 0 3 0 
0 0 0 6 2 129 0 39 1 15 0 7 0 
0 0 0 7 0 208 0 40 1 10 0 16 0 
0 0 0 8 0 230 0 45 1 7 0 15 0 
0 0 0 9 2 0 0 50 0 17 0 13 0 
0 0 0 10 2 0 0 55 0 4 0 12 0 
0 0 0 11 1 0 0 60 0 4 0 6 0 
0 0 0 12 0 0 0 65 0 11 0 4 0 
0 0 0 13 2 0 0 70 0 5 0 3 0 
0 0 0 14 0 0 0 75 0 4 0 0 0 
0 0 0 15 2 0 0 80 0 19 0 3 0 
0 0 0 16 1 0 0 85 0 10 0 15 0 
0 0 0 17 2 0 0 90 0 17 0 11 0 
0 0 0 18 1 0 0 95 0 3 0 7 0 
0 0 0 19 0 0 0 100 0 4 0 9 0 
0 0 0 20 1 0 0 105 0 4 0 6 0 
0 0 0 21 2 0 0 110 0 10 0 3 0 
0 0 0 22 2 0 0 115 0 17 0 4 0 
0 0 0 23 1 0 0 120 0 19 0 9 0 
0 0 0 24 1 0 0 125 0 14 0 13 0 
0 0 0 25 1 0 0 130 0 19 0 5 0 
0 0 0 26 2 0 0 135 0 7 0 1 0 
0 0 0 27 1 0 0 140 0 19 0 7 0 
0 0 0 28 1 0 0 145 0 19 0 4 0 
0 0 0 29 1 0 0 150 0 10 0 3 0 
6 6 0 0 0 0 0 0 0 0 0 0 0 0 0 0 0 0 0 0 0 0 0 0 0 0 0 0 0 0 
1 2 5 4 0 0 0 0 0 0 0 0 0 0 0 0 0 0 0 0 0 0 0 0 0 0 0 0 0 0 
4 0 0 0 0 0 0 0 0 0 0 0 0 0 0 0 0 0 0 0 0 0 0 0 0 0 0 0 0 0 
0 0 0 0 0 0 0 0 0 0 0 0 0 0 0 0 0 0 0 0 0 0 0 0 0 0 0 0 0 0 
0 4 0 0 6265 
0 0 0 0 1 227 0 41 1 6 0 3 0 
1 2 1 1 2 0 0 10 1 8 0 6 0 
1 2 1 2 0 0 0 15 1 11 0 16 0 
1 2 1 3 2 0 0 38 1 8 0 1 0 
1 2 1 4 2 0 0 28 1 6 0 1 0 
1 2 1 5 2 0 0 30 1 13 0 3 0 
0 2 1 6 2 0 0 39 1 15 0 7 0 
0 1 0 7 0 67 0 40 1 10 0 16 0 
0 0 0 8 0 202 0 45 1 7 0 15 0 
0 0 0 9 2 0 0 50 0 17 0 13 0 
0 0 0 10 2 0 0 55 0 4 0 12 0 
0 0 0 11 1 0 0 60 0 4 0 6 0 
0 0 0 12 0 0 0 65 0 11 0 4 0 
0 0 0 13 2 0 0 70 0 5 0 3 0 
0 0 0 14 0 0 0 75 0 4 0 0 0 
0 0 0 15 2 0 0 80 0 19 0 3 0 
0 0 0 16 1 0 0 85 0 10 0 15 0 
0 0 0 17 2 0 0 90 0 17 0 11 0 
0 0 0 18 1 0 0 95 0 3 0 7 0 
0 0 0 19 0 0 0 100 0 4 0 9 0 
0 0 0 20 1 0 0 105 0 4 0 6 0 
0 0 0 21 2 0 0 110 0 10 0 3 0 
0 0 0 22 2 0 0 115 0 17 0 4 0 
0 0 0 23 1 0 0 120 0 19 0 9 0 
0 0 0 24 1 0 0 125 0 14 0 13 0 
0 0 0 25 1 0 0 130 0 19 0 5 0 
0 0 0 26 2 0 0 135 0 7 0 1 0 
0 0 0 27 1 0 0 140 0 19 0 7 0 
0 0 0 28 1 0 0 145 0 19 0 4 0 
0 0 0 29 1 0 0 150 0 10 0 3 0 
6 6 0 0 0 0 0 0 0 0 0 0 0 0 0 0 0 0 0 0 0 0 0 0 0 0 0 0 0 0 
1 2 5 4 3 0 0 0 0 0 0 0 0 0 0 0 0 0 0 0 0 0 0 0 0 0 0 0 0 0 
4 0 0 0 0 0 0 0 0 0 0 0 0 0 0 0 0 0 0 0 0 0 0 0 0 0 0 0 0 0 
0 0 0 0 0 0 0 0 0 0 0 0 0 0 0 0 0 0 0 0 0 0 0 0 0 0 0 0 0 0 
0 5 0 0 6032 
0 1 0 0 1 47 0 41 1 6 0 3 0 
1 2 1 1 2 0 0 10 1 8 0 6 0 
1 2 1 2 0 0 0 15 1 11 0 16 0 
1 2 1 3 2 0 0 38 1 8 0 1 0 
1 2 1 4 2 0 0 28 1 6 0 1 0 
1 2 1 5 2 0 0 30 1 13 0 3 0 
0 2 1 6 2 0 0 39 1 15 0 7 0 
0 2 1 7 0 0 0 40 1 10 0 16 0 
0 0 0 8 0 25 0 45 1 7 0 15 0 
0 0 0 9 2 47 0 50 1 17 0 13 0 
0 0 0 10 2 0 0 55 0 4 0 12 0 
0 0 0 11 1 0 0 60 0 4 0 6 0 
0 0 0 12 0 0 0 65 0 11 0 4 0 
0 0 0 13 2 0 0 70 0 5 0 3 0 
0 0 0 14 0 0 0 75 0 4 0 0 0 
0 0 0 15 2 0 0 80 0 19 0 3 0 
0 0 0 16 1 0 0 85 0 10 0 15 0 
0 0 0 17 2 0 0 90 0 17 0 11 0 
0 0 0 18 1 0 0 95 0 3 0 7 0 
0 0 0 19 0 0 0 100 0 4 0 9 0 
0 0 0 20 1 0 0 105 0 4 0 6 0 
0 0 0 21 2 0 0 110 0 10 0 3 0 
0 0 0 22 2 0 0 115 0 17 0 4 0 
0 0 0 23 1 0 0 120 0 19 0 9 0 
0 0 0 24 1 0 0 125 0 14 0 13 0 
0 0 0 25 1 0 0 130 0 19 0 5 0 
0 0 0 26 2 0 0 135 0 7 0 1 0 
0 0 0 27 1 0 0 140 0 19 0 7 0 
0 0 0 28 1 0 0 145 0 19 0 4 0 
0 0 0 29 1 0 0 150 0 10 0 3 0 
6 6 0 0 0 0 0 0 0 0 0 0 0 0 0 0 0 0 0 0 0 0 0 0 0 0 0 0 0 0 
1 2 5 4 3 0 0 0 0 0 0 0 0 0 0 0 0 0 0 0 0 0 0 0 0 0 0 0 0 0 
4 0 0 0 0 0 0 0 0 0 0 0 0 0 0 0 0 0 0 0 0 0 0 0 0 0 0 0 0 0 
0 0 0 0 0 0 0 0 0 0 0 0 0 0 0 0 0 0 0 0 0 0 0 0 0 0 0 0 0 0 
0 5 0 0 5952 
1 2 1 0 1 0 0 41 1 6 0 3 0 
1 2 1 1 2 0 0 10 1 8 0 6 0 
1 2 1 2 0 0 0 15 1 11 0 16 0 
1 2 1 3 2 0 0 38 1 8 0 1 0 
1 2 1 4 2 0 0 28 1 6 0 1 0 
1 2 1 5 2 0 0 30 1 13 0 3 0 
0 2 1 6 2 0 0 39 1 15 0 7 0 
0 2 1 7 0 0 0 40 1 10 0 16 0 
0 0 0 8 0 98 0 45 1 7 0 15 0 
0 0 0 9 2 120 0 50 1 17 0 13 0 
0 0 0 10 2 0 0 55 0 4 0 12 0 
0 0 0 11 1 0 0 60 0 4 0 6 0 
0 0 0 12 0 0 0 65 0 11 0 4 0 
0 0 0 13 2 0 0 70 0 5 0 3 0 
0 0 0 14 0 0 0 75 0 4 0 0 0 
0 0 0 15 2 0 0 80 0 19 0 3 0 
0 0 0 16 1 0 0 85 0 10 0 15 0 
0 0 0 17 2 0 0 90 0 17 0 11 0 
0 0 0 18 1 0 0 95 0 3 0 7 0 
0 0 0 19 0 0 0 100 0 4 0 9 0 
0 0 0 20 1 0 0 105 0 4 0 6 0 
0 0 0 21 2 0 0 110 0 10 0 3 0 
0 0 0 22 2 0 0 115 0 17 0 4 0 
0 0 0 23 1 0 0 120 0 19 0 9 0 
0 0 0 24 1 0 0 125 0 14 0 13 0 
0 0 0 25 1 0 0 130 0 19 0 5 0 
0 0 0 26 2 0 0 135 0 7 0 1 0 
0 0 0 27 1 0 0 140 0 19 0 7 0 
0 0 0 28 1 0 0 145 0 19 0 4 0 
0 0 0 29 1 0 0 150 0 10 0 3 0 
6 6 0 0 0 0 0 0 0 0 0 0 0 0 0 0 0 0 0 0 0 0 0 0 0 0 0 0 0 0 
1 2 5 4 3 0 0 0 0 0 0 0 0 0 0 0 0 0 0 0 0 0 0 0 0 0 0 0 0 0 
4 0 0 0 0 0 0 0 0 0 0 0 0 0 0 0 0 0 0 0 0 0 0 0 0 0 0 0 0 0 
0 0 0 0 0 0 0 0 0 0 0 0 0 0 0 0 0 0 0 0 0 0 0 0 0 0 0 0 0 0 
0 6 0 0 5616 
1 2 1 0 1 0 0 41 1 6 0 3 0 
1 2 1 1 2 0 0 10 1 8 0 6 0 
1 2 1 2 0 0 0 15 1 11 0 16 0 
1 2 1 3 2 0 0 38 1 8 0 1 0 
1 2 1 4 2 0 0 28 1 6 0 1 0 
1 2 1 5 2 0 0 30 1 13 0 3 0 
0 2 1 6 2 0 0 39 1 15 0 7 0 
0 2 1 7 0 0 0 40 1 10 0 16 0 
1 2 1 8 0 0 0 45 1 7 0 15 0 
0 0 0 9 2 44 0 50 1 17 0 13 0 
0 0 0 10 2 64 0 55 1 4 0 12 0 
0 0 0 11 1 0 0 60 0 4 0 6 0 
0 0 0 12 0 0 0 65 0 11 0 4 0 
0 0 0 13 2 0 0 70 0 5 0 3 0 
0 0 0 14 0 0 0 75 0 4 0 0 0 
0 0 0 15 2 0 0 80 0 19 0 3 0 
0 0 0 16 1 0 0 85 0 10 0 15 0 
0 0 0 17 2 0 0 90 0 17 0 11 0 
0 0 0 18 1 0 0 95 0 3 0 7 0 
0 0 0 19 0 0 0 100 0 4 0 9 0 
0 0 0 20 1 0 0 105 0 4 0 6 0 
0 0 0 21 2 0 0 110 0 10 0 3 0 
0 0 0 22 2 0 0 115 0 17 0 4 0 
0 0 0 23 1 0 0 120 0 19 0 9 0 
0 0 0 24 1 0 0 125 0 14 0 13 0 
0 0 0 25 1 0 0 130 0 19 0 5 0 
0 0 0 26 2 0 0 135 0 7 0 1 0 
0 0 0 27 1 0 0 140 0 19 0 7 0 
0 0 0 28 1 0 0 145 0 19 0 4 0 
0 0 0 29 1 0 0 150 0 10 0 3 0 
6 6 0 0 0 0 0 0 0 0 0 0 0 0 0 0 0 0 0 0 0 0 0 0 0 0 0 0 0 0 
1 2 5 4 3 0 8 0 0 0 0 0 0 0 0 0 0 0 0 0 0 0 0 0 0 0 0 0 0 0 
4 0 0 0 0 0 0 0 0 0 0 0 0 0 0 0 0 0 0 0 0 0 0 0 0 0 0 0 0 0 
0 0 0 0 0 0 0 0 0 0 0 0 0 0 0 0 0 0 0 0 0 0 0 0 0 0 0 0 0 0 
0 7 0 0 5433 
1 2 1 0 1 0 0 41 1 6 0 3 0 
1 2 1 1 2 0 0 10 1 8 0 6 0 
1 2 1 2 0 0 0 15 1 11 0 16 0 
1 2 1 3 2 0 0 38 1 8 0 1 0 
1 2 1 4 2 0 0 28 1 6 0 1 0 
1 2 1 5 2 0 0 30 1 13 0 3 0 
0 2 1 6 2 0 0 39 1 15 0 7 0 
1 2 1 7 0 0 0 40 1 10 0 16 0 
1 2 1 8 0 0 0 45 1 7 0 15 0 
0 0 0 9 2 192 0 50 1 17 0 13 0 
0 0 0 10 2 212 0 55 1 4 0 12 0 
0 0 0 11 1 0 0 60 0 4 0 6 0 
0 0 0 12 0 0 0 65 0 11 0 4 0 
0 0 0 13 2 0 0 70 0 5 0 3 0 
0 0 0 14 0 0 0 75 0 4 0 0 0 
0 0 0 15 2 0 0 80 0 19 0 3 0 
0 0 0 16 1 0 0 85 0 10 0 15 0 
0 0 0 17 2 0 0 90 0 17 0 11 0 
0 0 0 18 1 0 0 95 0 3 0 7 0 
0 0 0 19 0 0 0 100 0 4 0 9 0 
0 0 0 20 1 0 0 105 0 4 0 6 0 
0 0 0 21 2 0 0 110 0 10 0 3 0 
0 0 0 22 2 0 0 115 0 17 0 4 0 
0 0 0 23 1 0 0 120 0 19 0 9 0 
0 0 0 24 1 0 0 125 0 14 0 13 0 
0 0 0 25 1 0 0 130 0 19 0 5 0 
0 0 0 26 2 0 0 135 0 7 0 1 0 
0 0 0 27 1 0 0 140 0 19 0 7 0 
0 0 0 28 1 0 0 145 0 19 0 4 0 
0 0 0 29 1 0 0 150 0 10 0 3 0 
6 6 0 0 0 0 0 0 0 0 0 0 0 0 0 0 0 0 0 0 0 0 0 0 0 0 0 0 0 0 
1 2 5 4 3 0 8 7 0 0 0 0 0 0 0 0 0 0 0 0 0 0 0 0 0 0 0 0 0 0 
4 0 0 0 0 0 0 0 0 0 0 0 0 0 0 0 0 0 0 0 0 0 0 0 0 0 0 0 0 0 
0 0 0 0 0 0 0 0 0 0 0 0 0 0 0 0 0 0 0 0 0 0 0 0 0 0 0 0 0 0 
0 8 0 0 5281 
1 2 1 0 1 0 0 41 1 6 0 3 0 
1 2 1 1 2 0 0 10 1 8 0 6 0 
1 2 1 2 0 0 0 15 1 11 0 16 0 
1 2 1 3 2 0 0 38 1 8 0 1 0 
1 2 1 4 2 0 0 28 1 6 0 1 0 
1 2 1 5 2 0 0 30 1 13 0 3 0 
0 2 1 6 2 0 0 39 1 15 0 7 0 
1 2 1 7 0 0 0 40 1 10 0 16 0 
1 2 1 8 0 0 0 45 1 7 0 15 0 
0 0 0 9 2 212 0 50 1 17 0 13 0 
0 0 0 10 2 232 0 55 1 4 0 12 0 
0 0 0 11 1 0 0 60 0 4 0 6 0 
0 0 0 12 0 0 0 65 0 11 0 4 0 
0 0 0 13 2 0 0 70 0 5 0 3 0 
0 0 0 14 0 0 0 75 0 4 0 0 0 
0 0 0 15 2 0 0 80 0 19 0 3 0 
0 0 0 16 1 0 0 85 0 10 0 15 0 
0 0 0 17 2 0 0 90 0 17 0 11 0 
0 0 0 18 1 0 0 95 0 3 0 7 0 
0 0 0 19 0 0 0 100 0 4 0 9 0 
0 0 0 20 1 0 0 105 0 4 0 6 0 
0 0 0 21 2 0 0 110 0 10 0 3 0 
0 0 0 22 2 0 0 115 0 17 0 4 0 
0 0 0 23 1 0 0 120 0 19 0 9 0 
0 0 0 24 1 0 0 125 0 14 0 13 0 
0 0 0 25 1 0 0 130 0 19 0 5 0 
0 0 0 26 2 0 0 135 0 7 0 1 0 
0 0 0 27 1 0 0 140 0 19 0 7 0 
0 0 0 28 1 0 0 145 0 19 0 4 0 
0 0 0 29 1 0 0 150 0 10 0 3 0 
6 6 0 0 0 0 0 0 0 0 0 0 0 0 0 0 0 0 0 0 0 0 0 0 0 0 0 0 0 0 
1 2 5 4 3 0 8 7 0 0 0 0 0 0 0 0 0 0 0 0 0 0 0 0 0 0 0 0 0 0 
4 0 0 0 0 0 0 0 0 0 0 0 0 0 0 0 0 0 0 0 0 0 0 0 0 0 0 0 0 0 
0 0 0 0 0 0 0 0 0 0 0 0 0 0 0 0 0 0 0 0 0 0 0 0 0 0 0 0 0 0 
0 8 0 0 5261 
1 2 1 0 1 0 0 41 1 6 0 3 0 
1 2 1 1 2 0 0 10 1 8 0 6 0 
1 2 1 2 0 0 0 15 1 11 0 16 0 
1 2 1 3 2 0 0 38 1 8 0 1 0 
1 2 1 4 2 0 0 28 1 6 0 1 0 
1 2 1 5 2 0 0 30 1 13 0 3 0 
0 2 1 6 2 0 0 39 1 15 0 7 0 
1 2 1 7 0 0 0 40 1 10 0 16 0 
1 2 1 8 0 0 0 45 1 7 0 15 0 
0 0 0 9 2 3 0 50 1 17 0 13 0 
0 0 0 10 2 23 0 55 1 4 0 12 0 
0 0 0 11 1 0 0 60 0 4 0 6 0 
0 0 0 12 0 0 0 65 0 11 0 4 0 
0 0 0 13 2 0 0 70 0 5 0 3 0 
0 0 0 14 0 0 0 75 0 4 0 0 0 
0 0 0 15 2 0 0 80 0 19 0 3 0 
0 0 0 16 1 0 0 85 0 10 0 15 0 
0 0 0 17 2 0 0 90 0 17 0 11 0 
0 0 0 18 1 0 0 95 0 3 0 7 0 
0 0 0 19 0 0 0 100 0 4 0 9 0 
0 0 0 20 1 0 0 105 0 4 0 6 0 
0 0 0 21 2 0 0 110 0 10 0 3 0 
0 0 0 22 2 0 0 115 0 17 0 4 0 
0 0 0 23 1 0 0 120 0 19 0 9 0 
0 0 0 24 1 0 0 125 0 14 0 13 0 
0 0 0 25 1 0 0 130 0 19 0 5 0 
0 0 0 26 2 0 0 135 0 7 0 1 0 
0 0 0 27 1 0 0 140 0 19 0 7 0 
0 0 0 28 1 0 0 145 0 19 0 4 0 
0 0 0 29 1 0 0 150 0 10 0 3 0 
6 6 0 0 0 0 0 0 0 0 0 0 0 0 0 0 0 0 0 0 0 0 0 0 0 0 0 0 0 0 
1 2 5 4 3 0 8 7 0 0 0 0 0 0 0 0 0 0 0 0 0 0 0 0 0 0 0 0 0 0 
4 0 0 0 0 0 0 0 0 0 0 0 0 0 0 0 0 0 0 0 0 0 0 0 0 0 0 0 0 0 
0 0 0 0 0 0 0 0 0 0 0 0 0 0 0 0 0 0 0 0 0 0 0 0 0 0 0 0 0 0 
0 8 0 0 5215 
1 2 1 0 1 0 0 41 1 6 0 3 0 
1 2 1 1 2 0 0 10 1 8 0 6 0 
1 2 1 2 0 0 0 15 1 11 0 16 0 
1 2 1 3 2 0 0 38 1 8 0 1 0 
1 2 1 4 2 0 0 28 1 6 0 1 0 
1 2 1 5 2 0 0 30 1 13 0 3 0 
0 2 1 6 2 0 0 39 1 15 0 7 0 
1 2 1 7 0 0 0 40 1 10 0 16 0 
1 2 1 8 0 0 0 45 1 7 0 15 0 
0 0 0 9 2 36 0 50 1 17 0 13 0 
0 0 0 10 2 56 0 55 1 4 0 12 0 
0 0 0 11 1 0 0 60 0 4 0 6 0 
0 0 0 12 0 0 0 65 0 11 0 4 0 
0 0 0 13 2 0 0 70 0 5 0 3 0 
0 0 0 14 0 0 0 75 0 4 0 0 0 
0 0 0 15 2 0 0 80 0 19 0 3 0 
0 0 0 16 1 0 0 85 0 10 0 15 0 
0 0 0 17 2 0 0 90 0 17 0 11 0 
0 0 0 18 1 0 0 95 0 3 0 7 0 
0 0 0 19 0 0 0 100 0 4 0 9 0 
0 0 0 20 1 0 0 105 0 4 0 6 0 
0 0 0 21 2 0 0 110 0 10 0 3 0 
0 0 0 22 2 0 0 115 0 17 0 4 0 
0 0 0 23 1 0 0 120 0 19 0 9 0 
0 0 0 24 1 0 0 125 0 14 0 13 0 
0 0 0 25 1 0 0 130 0 19 0 5 0 
0 0 0 26 2 0 0 135 0 7 0 1 0 
0 0 0 27 1 0 0 140 0 19 0 7 0 
0 0 0 28 1 0 0 145 0 19 0 4 0 
0 0 0 29 1 0 0 150 0 10 0 3 0 
6 6 0 0 0 0 0 0 0 0 0 0 0 0 0 0 0 0 0 0 0 0 0 0 0 0 0 0 0 0 
1 2 5 4 3 0 8 7 0 0 0 0 0 0 0 0 0 0 0 0 0 0 0 0 0 0 0 0 0 0 
4 0 0 0 0 0 0 0 0 0 0 0 0 0 0 0 0 0 0 0 0 0 0 0 0 0 0 0 0 0 
0 0 0 0 0 0 0 0 0 0 0 0 0 0 0 0 0 0 0 0 0 0 0 0 0 0 0 0 0 0 
0 8 0 0 5180 
1 2 1 0 1 0 0 41 1 6 0 3 0 
1 2 1 1 2 0 0 10 1 8 0 6 0 
1 2 1 2 0 0 0 15 1 11 0 16 0 
1 2 1 3 2 0 0 38 1 8 0 1 0 
1 2 1 4 2 0 0 28 1 6 0 1 0 
1 2 1 5 2 0 0 30 1 13 0 3 0 
0 2 1 6 2 0 0 39 1 15 0 7 0 
1 2 1 7 0 0 0 40 1 10 0 16 0 
1 2 1 8 0 0 0 45 1 7 0 15 0 
0 0 0 9 2 98 0 50 1 17 0 13 0 
0 0 0 10 2 118 0 55 1 4 0 12 0 
0 0 0 11 1 0 0 60 0 4 0 6 0 
0 0 0 12 0 0 0 65 0 11 0 4 0 
0 0 0 13 2 0 0 70 0 5 0 3 0 
0 0 0 14 0 0 0 75 0 4 0 0 0 
0 0 0 15 2 0 0 80 0 19 0 3 0 
0 0 0 16 1 0 0 85 0 10 0 15 0 
0 0 0 17 2 0 0 90 0 17 0 11 0 
0 0 0 18 1 0 0 95 0 3 0 7 0 
0 0 0 19 0 0 0 100 0 4 0 9 0 
0 0 0 20 1 0 0 105 0 4 0 6 0 
0 0 0 21 2 0 0 110 0 10 0 3 0 
0 0 0 22 2 0 0 115 0 17 0 4 0 
0 0 0 23 1 0 0 120 0 19 0 9 0 
0 0 0 24 1 0 0 125 0 14 0 13 0 
0 0 0 25 1 0 0 130 0 19 0 5 0 
0 0 0 26 2 0 0 135 0 7 0 1 0 
0 0 0 27 1 0 0 140 0 19 0 7 0 
0 0 0 28 1 0 0 145 0 19 0 4 0 
0 0 0 29 1 0 0 150 0 10 0 3 0 
6 6 0 0 0 0 0 0 0 0 0 0 0 0 0 0 0 0 0 0 0 0 0 0 0 0 0 0 0 0 
1 2 5 4 3 0 8 7 0 0 0 0 0 0 0 0 0 0 0 0 0 0 0 0 0 0 0 0 0 0 
4 0 0 0 0 0 0 0 0 0 0 0 0 0 0 0 0 0 0 0 0 0 0 0 0 0 0 0 0 0 
0 0 0 0 0 0 0 0 0 0 0 0 0 0 0 0 0 0 0 0 0 0 0 0 0 0 0 0 0 0 
0 8 0 0 5116 
1 2 1 0 1 0 0 41 1 6 0 3 0 
1 2 1 1 2 0 0 10 1 8 0 6 0 
0 0 0 2 0 0 0 51 0 13 0 16 0 
1 2 1 3 2 0 0 38 1 8 0 1 0 
1 2 1 4 2 0 0 28 1 6 0 1 0 
0 0 0 5 2 0 0 52 0 21 0 9 0 
0 2 1 6 2 0 0 39 1 15 0 7 0 
0 0 0 7 0 0 0 54 0 11 0 0 0 
0 0 0 8 0 0 0 53 0 7 0 1 0 
0 1 0 9 2 4 0 50 1 17 0 13 0 
0 0 0 10 2 139 0 55 1 4 0 12 0 
0 0 0 11 1 0 0 60 0 4 0 6 0 
0 0 0 12 0 0 0 65 0 11 0 4 0 
0 0 0 13 2 0 0 70 0 5 0 3 0 
0 0 0 14 0 0 0 75 0 4 0 0 0 
0 0 0 15 2 0 0 80 0 19 0 3 0 
0 0 0 16 1 0 0 85 0 10 0 15 0 
0 0 0 17 2 0 0 90 0 17 0 11 0 
0 0 0 18 1 0 0 95 0 3 0 7 0 
0 0 0 19 0 0 0 100 0 4 0 9 0 
0 0 0 20 1 0 0 105 0 4 0 6 0 
0 0 0 21 2 0 0 110 0 10 0 3 0 
0 0 0 22 2 0 0 115 0 17 0 4 0 
0 0 0 23 1 0 0 120 0 19 0 9 0 
0 0 0 24 1 0 0 125 0 14 0 13 0 
0 0 0 25 1 0 0 130 0 19 0 5 0 
0 0 0 26 2 0 0 135 0 7 0 1 0 
0 0 0 27 1 0 0 140 0 19 0 7 0 
0 0 0 28 1 0 0 145 0 19 0 4 0 
0 0 0 29 1 0 0 150 0 10 0 3 0 
6 6 0 0 0 0 0 0 0 0 0 0 0 0 0 0 0 0 0 0 0 0 0 0 0 0 0 0 0 0 
1 4 3 0 3 0 8 7 0 0 0 0 0 0 0 0 0 0 0 0 0 0 0 0 0 0 0 0 0 0 
4 0 0 0 0 0 0 0 0 0 0 0 0 0 0 0 0 0 0 0 0 0 0 0 0 0 0 0 0 0 
0 0 0 0 0 0 0 0 0 0 0 0 0 0 0 0 0 0 0 0 0 0 0 0 0 0 0 0 0 0 
0 4 0 0 5095 
1 2 1 0 1 0 0 41 1 6 0 3 0 
1 2 1 1 2 0 0 10 1 8 0 6 0 
0 0 0 2 0 69 0 51 1 13 0 16 0 
1 2 1 3 2 0 0 38 1 8 0 1 0 
1 2 1 4 2 0 0 28 1 6 0 1 0 
0 0 0 5 2 69 0 52 1 21 0 9 0 
0 0 0 6 2 0 0 56 0 4 0 13 0 
0 0 0 7 0 69 0 54 1 11 0 0 0 
0 0 0 8 0 69 0 53 1 7 0 1 0 
0 1 0 9 2 75 0 50 1 17 0 13 0 
0 0 0 10 2 208 0 55 1 4 0 12 0 
0 0 0 11 1 0 0 60 0 4 0 6 0 
0 0 0 12 0 0 0 65 0 11 0 4 0 
0 0 0 13 2 0 0 70 0 5 0 3 0 
0 0 0 14 0 0 0 75 0 4 0 0 0 
0 0 0 15 2 0 0 80 0 19 0 3 0 
0 0 0 16 1 0 0 85 0 10 0 15 0 
0 0 0 17 2 0 0 90 0 17 0 11 0 
0 0 0 18 1 0 0 95 0 3 0 7 0 
0 0 0 19 0 0 0 100 0 4 0 9 0 
0 0 0 20 1 0 0 105 0 4 0 6 0 
0 0 0 21 2 0 0 110 0 10 0 3 0 
0 0 0 22 2 0 0 115 0 17 0 4 0 
0 0 0 23 1 0 0 120 0 19 0 9 0 
0 0 0 24 1 0 0 125 0 14 0 13 0 
0 0 0 25 1 0 0 130 0 19 0 5 0 
0 0 0 26 2 0 0 135 0 7 0 1 0 
0 0 0 27 1 0 0 140 0 19 0 7 0 
0 0 0 28 1 0 0 145 0 19 0 4 0 
0 0 0 29 1 0 0 150 0 10 0 3 0 
6 6 0 0 0 0 0 0 0 0 0 0 0 0 0 0 0 0 0 0 0 0 0 0 0 0 0 0 0 0 
1 4 3 0 3 0 8 7 0 0 0 0 0 0 0 0 0 0 0 0 0 0 0 0 0 0 0 0 0 0 
4 0 0 0 0 0 0 0 0 0 0 0 0 0 0 0 0 0 0 0 0 0 0 0 0 0 0 0 0 0 
6 0 0 0 0 0 0 0 0 0 0 0 0 0 0 0 0 0 0 0 0 0 0 0 0 0 0 0 0 0 
0 4 0 0 5024 
1 2 1 0 1 0 0 41 1 6 0 3 0 
1 2 1 1 2 0 0 10 1 8 0 6 0 
0 0 0 2 0 69 0 51 1 13 0 16 0 
1 2 1 3 2 0 0 38 1 8 0 1 0 
1 2 1 4 2 0 0 28 1 6 0 1 0 
0 0 0 5 2 69 0 52 1 21 0 9 0 
0 0 0 6 2 0 0 56 0 4 0 13 0 
0 0 0 7 0 69 0 54 1 11 0 0 0 
0 0 0 8 0 69 0 53 1 7 0 1 0 
0 1 0 9 2 75 0 50 1 17 0 13 0 
0 0 0 10 2 208 0 55 1 4 0 12 0 
0 0 0 11 1 0 0 60 0 4 0 6 0 
0 0 0 12 0 0 0 65 0 11 0 4 0 
0 0 0 13 2 0 0 70 0 5 0 3 0 
0 0 0 14 0 0 0 75 0 4 0 0 0 
0 0 0 15 2 0 0 80 0 19 0 3 0 
0 0 0 16 1 0 0 85 0 10 0 15 0 
0 0 0 17 2 0 0 90 0 17 0 11 0 
0 0 0 18 1 0 0 95 0 3 0 7 0 
0 0 0 19 0 0 0 100 0 4 0 9 0 
0 0 0 20 1 0 0 105 0 4 0 6 0 
0 0 0 21 2 0 0 110 0 10 0 3 0 
0 0 0 22 2 0 0 115 0 17 0 4 0 
0 0 0 23 1 0 0 120 0 19 0 9 0 
0 0 0 24 1 0 0 125 0 14 0 13 0 
0 0 0 25 1 0 0 130 0 19 0 5 0 
0 0 0 26 2 0 0 135 0 7 0 1 0 
0 0 0 27 1 0 0 140 0 19 0 7 0 
0 0 0 28 1 0 0 145 0 19 0 4 0 
0 0 0 29 1 0 0 150 0 10 0 3 0 
6 6 0 0 0 0 0 0 0 0 0 0 0 0 0 0 0 0 0 0 0 0 0 0 0 0 0 0 0 0 
1 4 3 0 3 0 8 7 0 0 0 0 0 0 0 0 0 0 0 0 0 0 0 0 0 0 0 0 0 0 
4 0 0 0 0 0 0 0 0 0 0 0 0 0 0 0 0 0 0 0 0 0 0 0 0 0 0 0 0 0 
6 0 0 0 0 0 0 0 0 0 0 0 0 0 0 0 0 0 0 0 0 0 0 0 0 0 0 0 0 0 
0 4 0 0 5024 
1 2 1 0 1 0 0 41 1 6 0 3 0 
1 2 1 1 2 0 0 10 1 8 0 6 0 
0 2 1 2 0 0 0 51 1 13 0 16 0 
1 2 1 3 2 0 0 38 1 8 0 1 0 
1 2 1 4 2 0 0 28 1 6 0 1 0 
0 1 0 5 2 8 0 52 1 21 0 9 0 
0 0 0 6 2 131 0 56 1 4 0 13 0 
0 0 0 7 0 200 0 54 1 11 0 0 0 
0 0 0 8 0 200 0 53 1 7 0 1 0 
0 2 1 9 2 0 0 50 1 17 0 13 0 
0 0 0 10 2 84 0 55 1 4 0 12 0 
0 0 0 11 1 106 0 60 1 4 0 6 0 
0 0 0 12 0 0 0 65 0 11 0 4 0 
0 0 0 13 2 0 0 70 0 5 0 3 0 
0 0 0 14 0 0 0 75 0 4 0 0 0 
0 0 0 15 2 0 0 80 0 19 0 3 0 
0 0 0 16 1 0 0 85 0 10 0 15 0 
0 0 0 17 2 0 0 90 0 17 0 11 0 
0 0 0 18 1 0 0 95 0 3 0 7 0 
0 0 0 19 0 0 0 100 0 4 0 9 0 
0 0 0 20 1 0 0 105 0 4 0 6 0 
0 0 0 21 2 0 0 110 0 10 0 3 0 
0 0 0 22 2 0 0 115 0 17 0 4 0 
0 0 0 23 1 0 0 120 0 19 0 9 0 
0 0 0 24 1 0 0 125 0 14 0 13 0 
0 0 0 25 1 0 0 130 0 19 0 5 0 
0 0 0 26 2 0 0 135 0 7 0 1 0 
0 0 0 27 1 0 0 140 0 19 0 7 0 
0 0 0 28 1 0 0 145 0 19 0 4 0 
0 0 0 29 1 0 0 150 0 10 0 3 0 
6 6 0 0 0 0 0 0 0 0 0 0 0 0 0 0 0 0 0 0 0 0 0 0 0 0 0 0 0 0 
1 4 3 0 3 0 8 7 0 0 0 0 0 0 0 0 0 0 0 0 0 0 0 0 0 0 0 0 0 0 
4 0 0 0 0 0 0 0 0 0 0 0 0 0 0 0 0 0 0 0 0 0 0 0 0 0 0 0 0 0 
6 0 0 0 0 0 0 0 0 0 0 0 0 0 0 0 0 0 0 0 0 0 0 0 0 0 0 0 0 0 
0 4 0 0 4891 
1 2 1 0 1 0 0 41 1 6 0 3 0 
1 2 1 1 2 0 0 10 1 8 0 6 0 
0 2 1 2 0 0 0 51 1 13 0 16 0 
1 2 1 3 2 0 0 38 1 8 0 1 0 
1 2 1 4 2 0 0 28 1 6 0 1 0 
1 2 1 5 2 0 0 52 1 21 0 9 0 
0 0 0 6 2 220 0 56 1 4 0 13 0 
1 2 1 7 0 0 0 54 1 11 0 0 0 
0 2 1 8 0 0 0 53 1 7 0 1 0 
1 2 1 9 2 0 0 50 1 17 0 13 0 
0 1 0 10 2 60 0 55 1 4 0 12 0 
0 0 0 11 1 195 0 60 1 4 0 6 0 
0 0 0 12 0 0 0 65 0 11 0 4 0 
0 0 0 13 2 0 0 70 0 5 0 3 0 
0 0 0 14 0 0 0 75 0 4 0 0 0 
0 0 0 15 2 0 0 80 0 19 0 3 0 
0 0 0 16 1 0 0 85 0 10 0 15 0 
0 0 0 17 2 0 0 90 0 17 0 11 0 
0 0 0 18 1 0 0 95 0 3 0 7 0 
0 0 0 19 0 0 0 100 0 4 0 9 0 
0 0 0 20 1 0 0 105 0 4 0 6 0 
0 0 0 21 2 0 0 110 0 10 0 3 0 
0 0 0 22 2 0 0 115 0 17 0 4 0 
0 0 0 23 1 0 0 120 0 19 0 9 0 
0 0 0 24 1 0 0 125 0 14 0 13 0 
0 0 0 25 1 0 0 130 0 19 0 5 0 
0 0 0 26 2 0 0 135 0 7 0 1 0 
0 0 0 27 1 0 0 140 0 19 0 7 0 
0 0 0 28 1 0 0 145 0 19 0 4 0 
0 0 0 29 1 0 0 150 0 10 0 3 0 
6 6 0 0 0 0 0 0 0 0 0 0 0 0 0 0 0 0 0 0 0 0 0 0 0 0 0 0 0 0 
1 4 3 0 7 0 8 7 0 0 0 0 0 0 0 0 0 0 0 0 0 0 0 0 0 0 0 0 0 0 
4 0 0 0 0 0 0 0 0 0 0 0 0 0 0 0 0 0 0 0 0 0 0 0 0 0 0 0 0 0 
5 9 0 0 0 0 0 0 0 0 0 0 0 0 0 0 0 0 0 0 0 0 0 0 0 0 0 0 0 0 
0 5 0 2 4539 
1 2 1 0 1 0 0 41 1 6 0 3 0 
1 2 1 1 2 0 0 10 1 8 0 6 0 
1 2 1 2 0 0 0 51 1 13 0 16 0 
1 2 1 3 2 0 0 38 1 8 0 1 0 
1 2 1 4 2 0 0 28 1 6 0 1 0 
1 2 1 5 2 0 0 52 1 21 0 9 0 
0 2 1 6 2 0 0 56 1 4 0 13 0 
1 2 1 7 0 0 0 54 1 11 0 0 0 
0 2 1 8 0 0 0 53 1 7 0 1 0 
1 2 1 9 2 0 0 50 1 17 0 13 0 
0 2 1 10 2 0 0 55 1 4 0 12 0 
0 0 0 11 1 188 0 60 1 4 0 6 0 
0 0 0 12 0 210 0 65 1 11 0 4 0 
0 0 0 13 2 0 0 70 0 5 0 3 0 
0 0 0 14 0 0 0 75 0 4 0 0 0 
0 0 0 15 2 0 0 80 0 19 0 3 0 
0 0 0 16 1 0 0 85 0 10 0 15 0 
0 0 0 17 2 0 0 90 0 17 0 11 0 
0 0 0 18 1 0 0 95 0 3 0 7 0 
0 0 0 19 0 0 0 100 0 4 0 9 0 
0 0 0 20 1 0 0 105 0 4 0 6 0 
0 0 0 21 2 0 0 110 0 10 0 3 0 
0 0 0 22 2 0 0 115 0 17 0 4 0 
0 0 0 23 1 0 0 120 0 19 0 9 0 
0 0 0 24 1 0 0 125 0 14 0 13 0 
0 0 0 25 1 0 0 130 0 19 0 5 0 
0 0 0 26 2 0 0 135 0 7 0 1 0 
0 0 0 27 1 0 0 140 0 19 0 7 0 
0 0 0 28 1 0 0 145 0 19 0 4 0 
0 0 0 29 1 0 0 150 0 10 0 3 0 
6 6 0 0 0 0 0 0 0 0 0 0 0 0 0 0 0 0 0 0 0 0 0 0 0 0 0 0 0 0 
1 4 3 0 7 0 8 7 0 0 0 0 0 0 0 0 0 0 0 0 0 0 0 0 0 0 0 0 0 0 
4 0 0 0 0 0 0 0 0 0 0 0 0 0 0 0 0 0 0 0 0 0 0 0 0 0 0 0 0 0 
5 9 2 0 0 0 0 0 0 0 0 0 0 0 0 0 0 0 0 0 0 0 0 0 0 0 0 0 0 0 
0 5 0 3 4285 
1 2 1 0 1 0 0 41 1 6 0 3 0 
1 2 1 1 2 0 0 10 1 8 0 6 0 
1 2 1 2 0 0 0 51 1 13 0 16 0 
1 2 1 3 2 0 0 38 1 8 0 1 0 
1 2 1 4 2 0 0 28 1 6 0 1 0 
1 2 1 5 2 0 0 52 1 21 0 9 0 
0 2 1 6 2 0 0 56 1 4 0 13 0 
1 2 1 7 0 0 0 54 1 11 0 0 0 
1 2 1 8 0 0 0 53 1 7 0 1 0 
1 2 1 9 2 0 0 50 1 17 0 13 0 
0 2 1 10 2 0 0 55 1 4 0 12 0 
0 0 0 11 1 19 0 60 1 4 0 6 0 
0 0 0 12 0 41 0 65 1 11 0 4 0 
0 0 0 13 2 0 0 70 0 5 0 3 0 
0 0 0 14 0 0 0 75 0 4 0 0 0 
0 0 0 15 2 0 0 80 0 19 0 3 0 
0 0 0 16 1 0 0 85 0 10 0 15 0 
0 0 0 17 2 0 0 90 0 17 0 11 0 
0 0 0 18 1 0 0 95 0 3 0 7 0 
0 0 0 19 0 0 0 100 0 4 0 9 0 
0 0 0 20 1 0 0 105 0 4 0 6 0 
0 0 0 21 2 0 0 110 0 10 0 3 0 
0 0 0 22 2 0 0 115 0 17 0 4 0 
0 0 0 23 1 0 0 120 0 19 0 9 0 
0 0 0 24 1 0 0 125 0 14 0 13 0 
0 0 0 25 1 0 0 130 0 19 0 5 0 
0 0 0 26 2 0 0 135 0 7 0 1 0 
0 0 0 27 1 0 0 140 0 19 0 7 0 
0 0 0 28 1 0 0 145 0 19 0 4 0 
0 0 0 29 1 0 0 150 0 10 0 3 0 
6 6 0 0 0 0 0 0 0 0 0 0 0 0 0 0 0 0 0 0 0 0 0 0 0 0 0 0 0 0 
1 4 3 0 7 8 8 7 0 0 0 0 0 0 0 0 0 0 0 0 0 0 0 0 0 0 0 0 0 0 
4 0 0 0 0 0 0 0 0 0 0 0 0 0 0 0 0 0 0 0 0 0 0 0 0 0 0 0 0 0 
5 9 2 0 0 0 0 0 0 0 0 0 0 0 0 0 0 0 0 0 0 0 0 0 0 0 0 0 0 0 
0 6 0 3 4197 
1 2 1 0 1 0 0 41 1 6 0 3 0 
1 2 1 1 2 0 0 10 1 8 0 6 0 
1 2 1 2 0 0 0 51 1 13 0 16 0 
1 2 1 3 2 0 0 38 1 8 0 1 0 
1 2 1 4 2 0 0 28 1 6 0 1 0 
1 2 1 5 2 0 0 52 1 21 0 9 0 
1 2 1 6 2 0 0 56 1 4 0 13 0 
1 2 1 7 0 0 0 54 1 11 0 0 0 
1 2 1 8 0 0 0 53 1 7 0 1 0 
1 2 1 9 2 0 0 50 1 17 0 13 0 
1 2 1 10 2 0 0 55 1 4 0 12 0 
0 0 0 11 1 57 0 60 1 4 0 6 0 
0 0 0 12 0 79 0 65 1 11 0 4 0 
0 0 0 13 2 0 0 70 0 5 0 3 0 
0 0 0 14 0 0 0 75 0 4 0 0 0 
0 0 0 15 2 0 0 80 0 19 0 3 0 
0 0 0 16 1 0 0 85 0 10 0 15 0 
0 0 0 17 2 0 0 90 0 17 0 11 0 
0 0 0 18 1 0 0 95 0 3 0 7 0 
0 0 0 19 0 0 0 100 0 4 0 9 0 
0 0 0 20 1 0 0 105 0 4 0 6 0 
0 0 0 21 2 0 0 110 0 10 0 3 0 
0 0 0 22 2 0 0 115 0 17 0 4 0 
0 0 0 23 1 0 0 120 0 19 0 9 0 
0 0 0 24 1 0 0 125 0 14 0 13 0 
0 0 0 25 1 0 0 130 0 19 0 5 0 
0 0 0 26 2 0 0 135 0 7 0 1 0 
0 0 0 27 1 0 0 140 0 19 0 7 0 
0 0 0 28 1 0 0 145 0 19 0 4 0 
0 0 0 29 1 0 0 150 0 10 0 3 0 
6 6 0 0 0 0 0 0 0 0 0 0 0 0 0 0 0 0 0 0 0 0 0 0 0 0 0 0 0 0 
1 4 3 0 7 8 8 7 0 0 0 0 0 0 0 0 0 0 0 0 0 0 0 0 0 0 0 0 0 0 
4 0 0 0 0 0 0 0 0 0 0 0 0 0 0 0 0 0 0 0 0 0 0 0 0 0 0 0 0 0 
5 9 2 6 10 0 0 0 0 0 0 0 0 0 0 0 0 0 0 0 0 0 0 0 0 0 0 0 0 0 
0 6 0 5 4159 
1 2 1 0 1 0 0 41 1 6 0 3 0 
1 2 1 1 2 0 0 10 1 8 0 6 0 
1 2 1 2 0 0 0 51 1 13 0 16 0 
1 2 1 3 2 0 0 38 1 8 0 1 0 
1 2 1 4 2 0 0 28 1 6 0 1 0 
1 2 1 5 2 0 0 52 1 21 0 9 0 
1 2 1 6 2 0 0 56 1 4 0 13 0 
1 2 1 7 0 0 0 54 1 11 0 0 0 
1 2 1 8 0 0 0 53 1 7 0 1 0 
1 2 1 9 2 0 0 50 1 17 0 13 0 
1 2 1 10 2 0 0 55 1 4 0 12 0 
0 0 0 11 1 104 0 60 1 4 0 6 0 
0 0 0 12 0 126 0 65 1 11 0 4 0 
0 0 0 13 2 0 0 70 0 5 0 3 0 
0 0 0 14 0 0 0 75 0 4 0 0 0 
0 0 0 15 2 0 0 80 0 19 0 3 0 
0 0 0 16 1 0 0 85 0 10 0 15 0 
0 0 0 17 2 0 0 90 0 17 0 11 0 
0 0 0 18 1 0 0 95 0 3 0 7 0 
0 0 0 19 0 0 0 100 0 4 0 9 0 
0 0 0 20 1 0 0 105 0 4 0 6 0 
0 0 0 21 2 0 0 110 0 10 0 3 0 
0 0 0 22 2 0 0 115 0 17 0 4 0 
0 0 0 23 1 0 0 120 0 19 0 9 0 
0 0 0 24 1 0 0 125 0 14 0 13 0 
0 0 0 25 1 0 0 130 0 19 0 5 0 
0 0 0 26 2 0 0 135 0 7 0 1 0 
0 0 0 27 1 0 0 140 0 19 0 7 0 
0 0 0 28 1 0 0 145 0 19 0 4 0 
0 0 0 29 1 0 0 150 0 10 0 3 0 
6 6 0 0 0 0 0 0 0 0 0 0 0 0 0 0 0 0 0 0 0 0 0 0 0 0 0 0 0 0 
1 4 3 0 7 8 8 7 0 0 0 0 0 0 0 0 0 0 0 0 0 0 0 0 0 0 0 0 0 0 
4 0 0 0 0 0 0 0 0 0 0 0 0 0 0 0 0 0 0 0 0 0 0 0 0 0 0 0 0 0 
5 9 2 6 10 0 0 0 0 0 0 0 0 0 0 0 0 0 0 0 0 0 0 0 0 0 0 0 0 0 
0 6 0 5 4110 
1 2 1 0 1 0 0 41 1 6 0 3 0 
1 2 1 1 2 0 0 10 1 8 0 6 0 
1 2 1 2 0 0 0 51 1 13 0 16 0 
1 2 1 3 2 0 0 38 1 8 0 1 0 
1 2 1 4 2 0 0 28 1 6 0 1 0 
1 2 1 5 2 0 0 52 1 21 0 9 0 
1 2 1 6 2 0 0 56 1 4 0 13 0 
1 2 1 7 0 0 0 54 1 11 0 0 0 
1 2 1 8 0 0 0 53 1 7 0 1 0 
1 2 1 9 2 0 0 50 1 17 0 13 0 
1 2 1 10 2 0 0 55 1 4 0 12 0 
1 2 1 11 1 0 0 60 1 4 0 6 0 
0 0 0 12 0 246 0 65 1 11 0 4 0 
0 0 0 13 2 11 0 70 1 5 0 3 0 
0 0 0 14 0 0 0 75 0 4 0 0 0 
0 0 0 15 2 0 0 80 0 19 0 3 0 
0 0 0 16 1 0 0 85 0 10 0 15 0 
0 0 0 17 2 0 0 90 0 17 0 11 0 
0 0 0 18 1 0 0 95 0 3 0 7 0 
0 0 0 19 0 0 0 100 0 4 0 9 0 
0 0 0 20 1 0 0 105 0 4 0 6 0 
0 0 0 21 2 0 0 110 0 10 0 3 0 
0 0 0 22 2 0 0 115 0 17 0 4 0 
0 0 0 23 1 0 0 120 0 19 0 9 0 
0 0 0 24 1 0 0 125 0 14 0 13 0 
0 0 0 25 1 0 0 130 0 19 0 5 0 
0 0 0 26 2 0 0 135 0 7 0 1 0 
0 0 0 27 1 0 0 140 0 19 0 7 0 
0 0 0 28 1 0 0 145 0 19 0 4 0 
0 0 0 29 1 0 0 150 0 10 0 3 0 
6 6 0 0 0 0 0 0 0 0 0 0 0 0 0 0 0 0 0 0 0 0 0 0 0 0 0 0 0 0 
1 4 3 0 7 8 8 7 0 0 0 0 0 0 0 0 0 0 0 0 0 0 0 0 0 0 0 0 0 0 
4 0 0 0 0 0 0 0 0 0 0 0 0 0 0 0 0 0 0 0 0 0 0 0 0 0 0 0 0 0 
5 9 2 6 10 11 0 0 0 0 0 0 0 0 0 0 0 0 0 0 0 0 0 0 0 0 0 0 0 0 
0 6 0 6 3988 
1 2 1 0 1 0 0 41 1 6 0 3 0 
1 2 1 1 2 0 0 10 1 8 0 6 0 
1 2 1 2 0 0 0 51 1 13 0 16 0 
1 2 1 3 2 0 0 38 1 8 0 1 0 
1 2 1 4 2 0 0 28 1 6 0 1 0 
1 2 1 5 2 0 0 52 1 21 0 9 0 
1 2 1 6 2 0 0 56 1 4 0 13 0 
1 2 1 7 0 0 0 54 1 11 0 0 0 
1 2 1 8 0 0 0 53 1 7 0 1 0 
1 2 1 9 2 0 0 50 1 17 0 13 0 
1 2 1 10 2 0 0 55 1 4 0 12 0 
1 2 1 11 1 0 0 60 1 4 0 6 0 
0 0 0 12 0 51 0 65 1 11 0 4 0 
0 0 0 13 2 71 0 70 1 5 0 3 0 
0 0 0 14 0 0 0 75 0 4 0 0 0 
0 0 0 15 2 0 0 80 0 19 0 3 0 
0 0 0 16 1 0 0 85 0 10 0 15 0 
0 0 0 17 2 0 0 90 0 17 0 11 0 
0 0 0 18 1 0 0 95 0 3 0 7 0 
0 0 0 19 0 0 0 100 0 4 0 9 0 
0 0 0 20 1 0 0 105 0 4 0 6 0 
0 0 0 21 2 0 0 110 0 10 0 3 0 
0 0 0 22 2 0 0 115 0 17 0 4 0 
0 0 0 23 1 0 0 120 0 19 0 9 0 
0 0 0 24 1 0 0 125 0 14 0 13 0 
0 0 0 25 1 0 0 130 0 19 0 5 0 
0 0 0 26 2 0 0 135 0 7 0 1 0 
0 0 0 27 1 0 0 140 0 19 0 7 0 
0 0 0 28 1 0 0 145 0 19 0 4 0 
0 0 0 29 1 0 0 150 0 10 0 3 0 
6 6 0 0 0 0 0 0 0 0 0 0 0 0 0 0 0 0 0 0 0 0 0 0 0 0 0 0 0 0 
1 4 3 0 7 8 8 7 0 0 0 0 0 0 0 0 0 0 0 0 0 0 0 0 0 0 0 0 0 0 
4 0 0 0 0 0 0 0 0 0 0 0 0 0 0 0 0 0 0 0 0 0 0 0 0 0 0 0 0 0 
5 9 2 6 10 11 0 0 0 0 0 0 0 0 0 0 0 0 0 0 0 0 0 0 0 0 0 0 0 0 
0 6 0 6 3926 
1 2 1 0 1 0 0 41 1 6 0 3 0 
1 2 1 1 2 0 0 10 1 8 0 6 0 
1 2 1 2 0 0 0 51 1 13 0 16 0 
1 2 1 3 2 0 0 38 1 8 0 1 0 
1 2 1 4 2 0 0 28 1 6 0 1 0 
1 2 1 5 2 0 0 52 1 21 0 9 0 
1 2 1 6 2 0 0 56 1 4 0 13 0 
1 2 1 7 0 0 0 54 1 11 0 0 0 
1 2 1 8 0 0 0 53 1 7 0 1 0 
1 2 1 9 2 0 0 50 1 17 0 13 0 
1 2 1 10 2 0 0 55 1 4 0 12 0 
1 2 1 11 1 0 0 60 1 4 0 6 0 
0 1 0 12 0 86 0 65 1 11 0 4 0 
0 0 0 13 2 219 0 70 1 5 0 3 0 
0 0 0 14 0 0 0 75 0 4 0 0 0 
0 0 0 15 2 0 0 80 0 19 0 3 0 
0 0 0 16 1 0 0 85 0 10 0 15 0 
0 0 0 17 2 0 0 90 0 17 0 11 0 
0 0 0 18 1 0 0 95 0 3 0 7 0 
0 0 0 19 0 0 0 100 0 4 0 9 0 
0 0 0 20 1 0 0 105 0 4 0 6 0 
0 0 0 21 2 0 0 110 0 10 0 3 0 
0 0 0 22 2 0 0 115 0 17 0 4 0 
0 0 0 23 1 0 0 120 0 19 0 9 0 
0 0 0 24 1 0 0 125 0 14 0 13 0 
0 0 0 25 1 0 0 130 0 19 0 5 0 
0 0 0 26 2 0 0 135 0 7 0 1 0 
0 0 0 27 1 0 0 140 0 19 0 7 0 
0 0 0 28 1 0 0 145 0 19 0 4 0 
0 0 0 29 1 0 0 150 0 10 0 3 0 
6 6 0 0 0 0 0 0 0 0 0 0 0 0 0 0 0 0 0 0 0 0 0 0 0 0 0 0 0 0 
1 4 3 0 7 8 8 7 0 0 0 0 0 0 0 0 0 0 0 0 0 0 0 0 0 0 0 0 0 0 
4 0 0 0 0 0 0 0 0 0 0 0 0 0 0 0 0 0 0 0 0 0 0 0 0 0 0 0 0 0 
5 9 2 6 10 11 0 0 0 0 0 0 0 0 0 0 0 0 0 0 0 0 0 0 0 0 0 0 0 0 
0 6 0 6 3513 
1 2 1 0 1 0 0 41 1 6 0 3 0 
1 2 1 1 2 0 0 10 1 8 0 6 0 
1 2 1 2 0 0 0 51 1 13 0 16 0 
1 2 1 3 2 0 0 38 1 8 0 1 0 
1 2 1 4 2 0 0 28 1 6 0 1 0 
1 2 1 5 2 0 0 52 1 21 0 9 0 
1 2 1 6 2 0 0 56 1 4 0 13 0 
1 2 1 7 0 0 0 54 1 11 0 0 0 
1 2 1 8 0 0 0 53 1 7 0 1 0 
1 2 1 9 2 0 0 50 1 17 0 13 0 
1 2 1 10 2 0 0 55 1 4 0 12 0 
1 2 1 11 1 0 0 60 1 4 0 6 0 
1 2 1 12 0 0 0 65 1 11 0 4 0 
0 0 0 13 2 40 0 70 1 5 0 3 0 
0 0 0 14 0 62 0 75 1 4 0 0 0 
0 0 0 15 2 0 0 80 0 19 0 3 0 
0 0 0 16 1 0 0 85 0 10 0 15 0 
0 0 0 17 2 0 0 90 0 17 0 11 0 
0 0 0 18 1 0 0 95 0 3 0 7 0 
0 0 0 19 0 0 0 100 0 4 0 9 0 
0 0 0 20 1 0 0 105 0 4 0 6 0 
0 0 0 21 2 0 0 110 0 10 0 3 0 
0 0 0 22 2 0 0 115 0 17 0 4 0 
0 0 0 23 1 0 0 120 0 19 0 9 0 
0 0 0 24 1 0 0 125 0 14 0 13 0 
0 0 0 25 1 0 0 130 0 19 0 5 0 
0 0 0 26 2 0 0 135 0 7 0 1 0 
0 0 0 27 1 0 0 140 0 19 0 7 0 
0 0 0 28 1 0 0 145 0 19 0 4 0 
0 0 0 29 1 0 0 150 0 10 0 3 0 
6 6 0 0 0 0 0 0 0 0 0 0 0 0 0 0 0 0 0 0 0 0 0 0 0 0 0 0 0 0 
1 4 3 0 7 8 12 7 0 0 0 0 0 0 0 0 0 0 0 0 0 0 0 0 0 0 0 0 0 0 
4 0 0 0 0 0 0 0 0 0 0 0 0 0 0 0 0 0 0 0 0 0 0 0 0 0 0 0 0 0 
5 9 2 6 10 11 0 0 0 0 0 0 0 0 0 0 0 0 0 0 0 0 0 0 0 0 0 0 0 0 
0 7 0 6 3435 
1 2 1 0 1 0 0 41 1 6 0 3 0 
1 2 1 1 2 0 0 10 1 8 0 6 0 
1 2 1 2 0 0 0 51 1 13 0 16 0 
1 2 1 3 2 0 0 38 1 8 0 1 0 
1 2 1 4 2 0 0 28 1 6 0 1 0 
1 2 1 5 2 0 0 52 1 21 0 9 0 
1 2 1 6 2 0 0 56 1 4 0 13 0 
1 2 1 7 0 0 0 54 1 11 0 0 0 
1 2 1 8 0 0 0 53 1 7 0 1 0 
1 2 1 9 2 0 0 50 1 17 0 13 0 
1 2 1 10 2 0 0 55 1 4 0 12 0 
1 2 1 11 1 0 0 60 1 4 0 6 0 
1 2 1 12 0 0 0 65 1 11 0 4 0 
0 0 0 13 2 47 0 70 1 5 0 3 0 
0 0 0 14 0 69 0 75 1 4 0 0 0 
0 0 0 15 2 0 0 80 0 19 0 3 0 
0 0 0 16 1 0 0 85 0 10 0 15 0 
0 0 0 17 2 0 0 90 0 17 0 11 0 
0 0 0 18 1 0 0 95 0 3 0 7 0 
0 0 0 19 0 0 0 100 0 4 0 9 0 
0 0 0 20 1 0 0 105 0 4 0 6 0 
0 0 0 21 2 0 0 110 0 10 0 3 0 
0 0 0 22 2 0 0 115 0 17 0 4 0 
0 0 0 23 1 0 0 120 0 19 0 9 0 
0 0 0 24 1 0 0 125 0 14 0 13 0 
0 0 0 25 1 0 0 130 0 19 0 5 0 
0 0 0 26 2 0 0 135 0 7 0 1 0 
0 0 0 27 1 0 0 140 0 19 0 7 0 
0 0 0 28 1 0 0 145 0 19 0 4 0 
0 0 0 29 1 0 0 150 0 10 0 3 0 
6 6 0 0 0 0 0 0 0 0 0 0 0 0 0 0 0 0 0 0 0 0 0 0 0 0 0 0 0 0 
1 4 3 0 7 8 12 7 0 0 0 0 0 0 0 0 0 0 0 0 0 0 0 0 0 0 0 0 0 0 
4 0 0 0 0 0 0 0 0 0 0 0 0 0 0 0 0 0 0 0 0 0 0 0 0 0 0 0 0 0 
5 9 2 6 10 11 0 0 0 0 0 0 0 0 0 0 0 0 0 0 0 0 0 0 0 0 0 0 0 0 
0 7 0 6 3428 
1 2 1 0 1 0 0 41 1 6 0 3 0 
1 2 1 1 2 0 0 10 1 8 0 6 0 
1 2 1 2 0 0 0 51 1 13 0 16 0 
1 2 1 3 2 0 0 38 1 8 0 1 0 
1 2 1 4 2 0 0 28 1 6 0 1 0 
1 2 1 5 2 0 0 52 1 21 0 9 0 
1 2 1 6 2 0 0 56 1 4 0 13 0 
1 2 1 7 0 0 0 54 1 11 0 0 0 
1 2 1 8 0 0 0 53 1 7 0 1 0 
1 2 1 9 2 0 0 50 1 17 0 13 0 
1 2 1 10 2 0 0 55 1 4 0 12 0 
1 2 1 11 1 0 0 60 1 4 0 6 0 
1 2 1 12 0 0 0 65 1 11 0 4 0 
0 0 0 13 2 113 0 70 1 5 0 3 0 
0 0 0 14 0 135 0 75 1 4 0 0 0 
0 0 0 15 2 0 0 80 0 19 0 3 0 
0 0 0 16 1 0 0 85 0 10 0 15 0 
0 0 0 17 2 0 0 90 0 17 0 11 0 
0 0 0 18 1 0 0 95 0 3 0 7 0 
0 0 0 19 0 0 0 100 0 4 0 9 0 
0 0 0 20 1 0 0 105 0 4 0 6 0 
0 0 0 21 2 0 0 110 0 10 0 3 0 
0 0 0 22 2 0 0 115 0 17 0 4 0 
0 0 0 23 1 0 0 120 0 19 0 9 0 
0 0 0 24 1 0 0 125 0 14 0 13 0 
0 0 0 25 1 0 0 130 0 19 0 5 0 
0 0 0 26 2 0 0 135 0 7 0 1 0 
0 0 0 27 1 0 0 140 0 19 0 7 0 
0 0 0 28 1 0 0 145 0 19 0 4 0 
0 0 0 29 1 0 0 150 0 10 0 3 0 
6 6 0 0 0 0 0 0 0 0 0 0 0 0 0 0 0 0 0 0 0 0 0 0 0 0 0 0 0 0 
1 4 3 0 7 8 12 7 0 0 0 0 0 0 0 0 0 0 0 0 0 0 0 0 0 0 0 0 0 0 
4 0 0 0 0 0 0 0 0 0 0 0 0 0 0 0 0 0 0 0 0 0 0 0 0 0 0 0 0 0 
5 9 2 6 10 11 0 0 0 0 0 0 0 0 0 0 0 0 0 0 0 0 0 0 0 0 0 0 0 0 
0 7 0 6 3362 
1 2 1 0 1 0 0 41 1 6 0 3 0 
1 2 1 1 2 0 0 10 1 8 0 6 0 
1 2 1 2 0 0 0 51 1 13 0 16 0 
1 2 1 3 2 0 0 38 1 8 0 1 0 
1 2 1 4 2 0 0 28 1 6 0 1 0 
1 2 1 5 2 0 0 52 1 21 0 9 0 
1 2 1 6 2 0 0 56 1 4 0 13 0 
1 2 1 7 0 0 0 54 1 11 0 0 0 
1 2 1 8 0 0 0 53 1 7 0 1 0 
1 2 1 9 2 0 0 50 1 17 0 13 0 
1 2 1 10 2 0 0 55 1 4 0 12 0 
1 2 1 11 1 0 0 60 1 4 0 6 0 
1 2 1 12 0 0 0 65 1 11 0 4 0 
0 0 0 13 2 10 0 70 1 5 0 3 0 
0 0 0 14 0 32 0 75 1 4 0 0 0 
0 0 0 15 2 0 0 80 0 19 0 3 0 
0 0 0 16 1 0 0 85 0 10 0 15 0 
0 0 0 17 2 0 0 90 0 17 0 11 0 
0 0 0 18 1 0 0 95 0 3 0 7 0 
0 0 0 19 0 0 0 100 0 4 0 9 0 
0 0 0 20 1 0 0 105 0 4 0 6 0 
0 0 0 21 2 0 0 110 0 10 0 3 0 
0 0 0 22 2 0 0 115 0 17 0 4 0 
0 0 0 23 1 0 0 120 0 19 0 9 0 
0 0 0 24 1 0 0 125 0 14 0 13 0 
0 0 0 25 1 0 0 130 0 19 0 5 0 
0 0 0 26 2 0 0 135 0 7 0 1 0 
0 0 0 27 1 0 0 140 0 19 0 7 0 
0 0 0 28 1 0 0 145 0 19 0 4 0 
0 0 0 29 1 0 0 150 0 10 0 3 0 
6 6 0 0 0 0 0 0 0 0 0 0 0 0 0 0 0 0 0 0 0 0 0 0 0 0 0 0 0 0 
1 4 3 0 7 8 12 7 0 0 0 0 0 0 0 0 0 0 0 0 0 0 0 0 0 0 0 0 0 0 
4 0 0 0 0 0 0 0 0 0 0 0 0 0 0 0 0 0 0 0 0 0 0 0 0 0 0 0 0 0 
5 9 2 6 10 11 0 0 0 0 0 0 0 0 0 0 0 0 0 0 0 0 0 0 0 0 0 0 0 0 
0 7 0 6 3206 
1 2 1 0 1 0 0 41 1 6 0 3 0 
0 0 0 1 2 0 0 71 0 0 0 10 0 
1 2 1 2 0 0 0 51 1 13 0 16 0 
1 2 1 3 2 0 0 38 1 8 0 1 0 
1 2 1 4 2 0 0 28 1 6 0 1 0 
1 2 1 5 2 0 0 52 1 21 0 9 0 
1 2 1 6 2 0 0 56 1 4 0 13 0 
0 0 0 7 0 0 0 72 0 17 0 6 0 
0 0 0 8 0 0 0 73 0 8 0 0 0 
1 2 1 9 2 0 0 50 1 17 0 13 0 
1 2 1 10 2 0 0 55 1 4 0 12 0 
1 2 1 11 1 0 0 60 1 4 0 6 0 
0 0 0 12 0 0 0 74 0 4 0 6 0 
0 1 0 13 2 1 0 70 1 5 0 3 0 
0 0 0 14 0 138 0 75 1 4 0 0 0 
0 0 0 15 2 0 0 80 0 19 0 3 0 
0 0 0 16 1 0 0 85 0 10 0 15 0 
0 0 0 17 2 0 0 90 0 17 0 11 0 
0 0 0 18 1 0 0 95 0 3 0 7 0 
0 0 0 19 0 0 0 100 0 4 0 9 0 
0 0 0 20 1 0 0 105 0 4 0 6 0 
0 0 0 21 2 0 0 110 0 10 0 3 0 
0 0 0 22 2 0 0 115 0 17 0 4 0 
0 0 0 23 1 0 0 120 0 19 0 9 0 
0 0 0 24 1 0 0 125 0 14 0 13 0 
0 0 0 25 1 0 0 130 0 19 0 5 0 
0 0 0 26 2 0 0 135 0 7 0 1 0 
0 0 0 27 1 0 0 140 0 19 0 7 0 
0 0 0 28 1 0 0 145 0 19 0 4 0 
0 0 0 29 1 0 0 150 0 10 0 3 0 
6 6 0 0 0 0 0 0 0 0 0 0 0 0 0 0 0 0 0 0 0 0 0 0 0 0 0 0 0 0 
4 3 0 0 7 8 12 7 0 0 0 0 0 0 0 0 0 0 0 0 0 0 0 0 0 0 0 0 0 0 
4 0 0 0 0 0 0 0 0 0 0 0 0 0 0 0 0 0 0 0 0 0 0 0 0 0 0 0 0 0 
5 9 2 6 10 11 0 0 0 0 0 0 0 0 0 0 0 0 0 0 0 0 0 0 0 0 0 0 0 0 
0 3 0 6 3098 
1 2 1 0 1 0 0 41 1 6 0 3 0 
0 0 0 1 2 14 0 71 1 0 0 10 0 
1 2 1 2 0 0 0 51 1 13 0 16 0 
1 2 1 3 2 0 0 38 1 8 0 1 0 
1 2 1 4 2 0 0 28 1 6 0 1 0 
1 2 1 5 2 0 0 52 1 21 0 9 0 
1 2 1 6 2 0 0 56 1 4 0 13 0 
0 0 0 7 0 14 0 72 1 17 0 6 0 
0 0 0 8 0 14 0 73 1 8 0 0 0 
1 2 1 9 2 0 0 50 1 17 0 13 0 
1 2 1 10 2 0 0 55 1 4 0 12 0 
1 2 1 11 1 0 0 60 1 4 0 6 0 
0 0 0 12 0 14 0 74 1 4 0 6 0 
0 1 0 13 2 17 0 70 1 5 0 3 0 
0 0 0 14 0 152 0 75 1 4 0 0 0 
0 0 0 15 2 0 0 80 0 19 0 3 0 
0 0 0 16 1 0 0 85 0 10 0 15 0 
0 0 0 17 2 0 0 90 0 17 0 11 0 
0 0 0 18 1 0 0 95 0 3 0 7 0 
0 0 0 19 0 0 0 100 0 4 0 9 0 
0 0 0 20 1 0 0 105 0 4 0 6 0 
0 0 0 21 2 0 0 110 0 10 0 3 0 
0 0 0 22 2 0 0 115 0 17 0 4 0 
0 0 0 23 1 0 0 120 0 19 0 9 0 
0 0 0 24 1 0 0 125 0 14 0 13 0 
0 0 0 25 1 0 0 130 0 19 0 5 0 
0 0 0 26 2 0 0 135 0 7 0 1 0 
0 0 0 27 1 0 0 140 0 19 0 7 0 
0 0 0 28 1 0 0 145 0 19 0 4 0 
0 0 0 29 1 0 0 150 0 10 0 3 0 
6 6 0 0 0 0 0 0 0 0 0 0 0 0 0 0 0 0 0 0 0 0 0 0 0 0 0 0 0 0 
4 3 0 0 7 8 12 7 0 0 0 0 0 0 0 0 0 0 0 0 0 0 0 0 0 0 0 0 0 0 
4 0 0 0 0 0 0 0 0 0 0 0 0 0 0 0 0 0 0 0 0 0 0 0 0 0 0 0 0 0 
5 9 2 6 10 11 0 0 0 0 0 0 0 0 0 0 0 0 0 0 0 0 0 0 0 0 0 0 0 0 
0 3 0 6 3082 
1 2 1 0 1 0 0 41 1 6 0 3 0 
1 2 1 1 2 0 0 71 1 0 0 10 0 
1 2 1 2 0 0 0 51 1 13 0 16 0 
1 2 1 3 2 0 0 38 1 8 0 1 0 
1 2 1 4 2 0 0 28 1 6 0 1 0 
1 2 1 5 2 0 0 52 1 21 0 9 0 
1 2 1 6 2 0 0 56 1 4 0 13 0 
1 2 1 7 0 0 0 72 1 17 0 6 0 
0 1 0 8 0 53 0 73 1 8 0 0 0 
1 2 1 9 2 0 0 50 1 17 0 13 0 
1 2 1 10 2 0 0 55 1 4 0 12 0 
1 2 1 11 1 0 0 60 1 4 0 6 0 
0 0 0 12 0 89 0 74 1 4 0 6 0 
0 2 1 13 2 0 0 70 1 5 0 3 0 
0 0 0 14 0 227 0 75 1 4 0 0 0 
0 0 0 15 2 249 0 80 1 19 0 3 0 
0 0 0 16 1 0 0 85 0 10 0 15 0 
0 0 0 17 2 0 0 90 0 17 0 11 0 
0 0 0 18 1 0 0 95 0 3 0 7 0 
0 0 0 19 0 0 0 100 0 4 0 9 0 
0 0 0 20 1 0 0 105 0 4 0 6 0 
0 0 0 21 2 0 0 110 0 10 0 3 0 
0 0 0 22 2 0 0 115 0 17 0 4 0 
0 0 0 23 1 0 0 120 0 19 0 9 0 
0 0 0 24 1 0 0 125 0 14 0 13 0 
0 0 0 25 1 0 0 130 0 19 0 5 0 
0 0 0 26 2 0 0 135 0 7 0 1 0 
0 0 0 27 1 0 0 140 0 19 0 7 0 
0 0 0 28 1 0 0 145 0 19 0 4 0 
0 0 0 29 1 0 0 150 0 10 0 3 0 
1 6 0 0 0 0 0 0 0 0 0 0 0 0 0 0 0 0 0 0 0 0 0 0 0 0 0 0 0 0 
4 3 0 7 7 8 12 7 0 0 0 0 0 0 0 0 0 0 0 0 0 0 0 0 0 0 0 0 0 0 
4 0 0 0 0 0 0 0 0 0 0 0 0 0 0 0 0 0 0 0 0 0 0 0 0 0 0 0 0 0 
5 9 2 6 10 11 0 0 0 0 0 0 0 0 0 0 0 0 0 0 0 0 0 0 0 0 0 0 0 0 
1 4 0 6 2746 
1 2 1 0 1 0 0 41 1 6 0 3 0 
0 0 0 1 2 0 0 76 0 12 0 11 0 
1 2 1 2 0 0 0 51 1 13 0 16 0 
1 2 1 3 2 0 0 38 1 8 0 1 0 
1 2 1 4 2 0 0 28 1 6 0 1 0 
1 2 1 5 2 0 0 52 1 21 0 9 0 
1 2 1 6 2 0 0 56 1 4 0 13 0 
1 2 1 7 0 0 0 72 1 17 0 6 0 
0 2 1 8 0 0 0 73 1 8 0 0 0 
1 2 1 9 2 0 0 50 1 17 0 13 0 
1 2 1 10 2 0 0 55 1 4 0 12 0 
1 2 1 11 1 0 0 60 1 4 0 6 0 
0 2 1 12 0 0 0 74 1 4 0 6 0 
0 2 1 13 2 0 0 70 1 5 0 3 0 
0 1 0 14 0 56 0 75 1 4 0 0 0 
0 0 0 15 2 191 0 80 1 19 0 3 0 
0 0 0 16 1 0 0 85 0 10 0 15 0 
0 0 0 17 2 0 0 90 0 17 0 11 0 
0 0 0 18 1 0 0 95 0 3 0 7 0 
0 0 0 19 0 0 0 100 0 4 0 9 0 
0 0 0 20 1 0 0 105 0 4 0 6 0 
0 0 0 21 2 0 0 110 0 10 0 3 0 
0 0 0 22 2 0 0 115 0 17 0 4 0 
0 0 0 23 1 0 0 120 0 19 0 9 0 
0 0 0 24 1 0 0 125 0 14 0 13 0 
0 0 0 25 1 0 0 130 0 19 0 5 0 
0 0 0 26 2 0 0 135 0 7 0 1 0 
0 0 0 27 1 0 0 140 0 19 0 7 0 
0 0 0 28 1 0 0 145 0 19 0 4 0 
0 0 0 29 1 0 0 150 0 10 0 3 0 
1 6 0 0 0 0 0 0 0 0 0 0 0 0 0 0 0 0 0 0 0 0 0 0 0 0 0 0 0 0 
4 3 0 7 7 8 12 7 0 0 0 0 0 0 0 0 0 0 0 0 0 0 0 0 0 0 0 0 0 0 
4 0 0 0 0 0 0 0 0 0 0 0 0 0 0 0 0 0 0 0 0 0 0 0 0 0 0 0 0 0 
5 9 2 6 10 11 0 0 0 0 0 0 0 0 0 0 0 0 0 0 0 0 0 0 0 0 0 0 0 0 
0 4 0 6 2543 
1 2 1 0 1 0 0 41 1 6 0 3 0 
0 0 0 1 2 1 0 76 1 12 0 11 0 
0 0 0 2 0 0 0 78 0 20 0 7 0 
1 2 1 3 2 0 0 38 1 8 0 1 0 
1 2 1 4 2 0 0 28 1 6 0 1 0 
1 2 1 5 2 0 0 52 1 21 0 9 0 
1 2 1 6 2 0 0 56 1 4 0 13 0 
1 2 1 7 0 0 0 72 1 17 0 6 0 
0 2 1 8 0 0 0 73 1 8 0 0 0 
0 0 0 9 2 0 0 77 0 12 0 7 0 
0 0 0 10 2 0 0 79 0 18 0 7 0 
1 2 1 11 1 0 0 60 1 4 0 6 0 
0 2 1 12 0 0 0 74 1 4 0 6 0 
0 2 1 13 2 0 0 70 1 5 0 3 0 
0 1 0 14 0 57 0 75 1 4 0 0 0 
0 0 0 15 2 192 0 80 1 19 0 3 0 
0 0 0 16 1 0 0 85 0 10 0 15 0 
0 0 0 17 2 0 0 90 0 17 0 11 0 
0 0 0 18 1 0 0 95 0 3 0 7 0 
0 0 0 19 0 0 0 100 0 4 0 9 0 
0 0 0 20 1 0 0 105 0 4 0 6 0 
0 0 0 21 2 0 0 110 0 10 0 3 0 
0 0 0 22 2 0 0 115 0 17 0 4 0 
0 0 0 23 1 0 0 120 0 19 0 9 0 
0 0 0 24 1 0 0 125 0 14 0 13 0 
0 0 0 25 1 0 0 130 0 19 0 5 0 
0 0 0 26 2 0 0 135 0 7 0 1 0 
0 0 0 27 1 0 0 140 0 19 0 7 0 
0 0 0 28 1 0 0 145 0 19 0 4 0 
0 0 0 29 1 0 0 150 0 10 0 3 0 
1 6 0 0 0 0 0 0 0 0 0 0 0 0 0 0 0 0 0 0 0 0 0 0 0 0 0 0 0 0 
4 3 0 7 7 8 12 7 0 0 0 0 0 0 0 0 0 0 0 0 0 0 0 0 0 0 0 0 0 0 
4 0 0 0 0 0 0 0 0 0 0 0 0 0 0 0 0 0 0 0 0 0 0 0 0 0 0 0 0 0 
5 6 11 6 10 11 0 0 0 0 0 0 0 0 0 0 0 0 0 0 0 0 0 0 0 0 0 0 0 0 
0 4 0 3 2542 
1 2 1 0 1 0 0 41 1 6 0 3 0 
0 1 0 1 2 28 0 76 1 12 0 11 0 
0 0 0 2 0 69 0 78 1 20 0 7 0 
1 2 1 3 2 0 0 38 1 8 0 1 0 
1 2 1 4 2 0 0 28 1 6 0 1 0 
1 2 1 5 2 0 0 52 1 21 0 9 0 
1 2 1 6 2 0 0 56 1 4 0 13 0 
1 2 1 7 0 0 0 72 1 17 0 6 0 
0 2 1 8 0 0 0 73 1 8 0 0 0 
0 0 0 9 2 69 0 77 1 12 0 7 0 
0 0 0 10 2 69 0 79 1 18 0 7 0 
1 2 1 11 1 0 0 60 1 4 0 6 0 
0 2 1 12 0 0 0 74 1 4 0 6 0 
0 2 1 13 2 0 0 70 1 5 0 3 0 
0 2 1 14 0 0 0 75 1 4 0 0 0 
0 0 0 15 2 6 0 80 1 19 0 3 0 
0 0 0 16 1 26 0 85 1 10 0 15 0 
0 0 0 17 2 0 0 90 0 17 0 11 0 
0 0 0 18 1 0 0 95 0 3 0 7 0 
0 0 0 19 0 0 0 100 0 4 0 9 0 
0 0 0 20 1 0 0 105 0 4 0 6 0 
0 0 0 21 2 0 0 110 0 10 0 3 0 
0 0 0 22 2 0 0 115 0 17 0 4 0 
0 0 0 23 1 0 0 120 0 19 0 9 0 
0 0 0 24 1 0 0 125 0 14 0 13 0 
0 0 0 25 1 0 0 130 0 19 0 5 0 
0 0 0 26 2 0 0 135 0 7 0 1 0 
0 0 0 27 1 0 0 140 0 19 0 7 0 
0 0 0 28 1 0 0 145 0 19 0 4 0 
0 0 0 29 1 0 0 150 0 10 0 3 0 
1 6 0 0 0 0 0 0 0 0 0 0 0 0 0 0 0 0 0 0 0 0 0 0 0 0 0 0 0 0 
4 3 0 7 7 8 12 7 0 0 0 0 0 0 0 0 0 0 0 0 0 0 0 0 0 0 0 0 0 0 
4 0 0 0 0 0 0 0 0 0 0 0 0 0 0 0 0 0 0 0 0 0 0 0 0 0 0 0 0 0 
5 6 11 6 10 11 0 0 0 0 0 0 0 0 0 0 0 0 0 0 0 0 0 0 0 0 0 0 0 0 
0 4 0 3 2471 
1 2 1 0 1 0 0 41 1 6 0 3 0 
0 1 0 1 2 95 0 76 1 12 0 11 0 
0 0 0 2 0 136 0 78 1 20 0 7 0 
1 2 1 3 2 0 0 38 1 8 0 1 0 
1 2 1 4 2 0 0 28 1 6 0 1 0 
1 2 1 5 2 0 0 52 1 21 0 9 0 
1 2 1 6 2 0 0 56 1 4 0 13 0 
1 2 1 7 0 0 0 72 1 17 0 6 0 
0 2 1 8 0 0 0 73 1 8 0 0 0 
0 0 0 9 2 136 0 77 1 12 0 7 0 
0 0 0 10 2 136 0 79 1 18 0 7 0 
1 2 1 11 1 0 0 60 1 4 0 6 0 
0 2 1 12 0 0 0 74 1 4 0 6 0 
0 2 1 13 2 0 0 70 1 5 0 3 0 
0 2 1 14 0 0 0 75 1 4 0 0 0 
0 0 0 15 2 73 0 80 1 19 0 3 0 
0 0 0 16 1 93 0 85 1 10 0 15 0 
0 0 0 17 2 0 0 90 0 17 0 11 0 
0 0 0 18 1 0 0 95 0 3 0 7 0 
0 0 0 19 0 0 0 100 0 4 0 9 0 
0 0 0 20 1 0 0 105 0 4 0 6 0 
0 0 0 21 2 0 0 110 0 10 0 3 0 
0 0 0 22 2 0 0 115 0 17 0 4 0 
0 0 0 23 1 0 0 120 0 19 0 9 0 
0 0 0 24 1 0 0 125 0 14 0 13 0 
0 0 0 25 1 0 0 130 0 19 0 5 0 
0 0 0 26 2 0 0 135 0 7 0 1 0 
0 0 0 27 1 0 0 140 0 19 0 7 0 
0 0 0 28 1 0 0 145 0 19 0 4 0 
0 0 0 29 1 0 0 150 0 10 0 3 0 
1 6 0 0 0 0 0 0 0 0 0 0 0 0 0 0 0 0 0 0 0 0 0 0 0 0 0 0 0 0 
4 3 0 7 7 8 12 7 0 0 0 0 0 0 0 0 0 0 0 0 0 0 0 0 0 0 0 0 0 0 
4 0 0 0 0 0 0 0 0 0 0 0 0 0 0 0 0 0 0 0 0 0 0 0 0 0 0 0 0 0 
5 6 11 6 10 11 0 0 0 0 0 0 0 0 0 0 0 0 0 0 0 0 0 0 0 0 0 0 0 0 
0 4 0 3 2404 
1 2 1 0 1 0 0 41 1 6 0 3 0 
1 2 1 1 2 0 0 76 1 12 0 11 0 
0 2 1 2 0 0 0 78 1 20 0 7 0 
1 2 1 3 2 0 0 38 1 8 0 1 0 
1 2 1 4 2 0 0 28 1 6 0 1 0 
1 2 1 5 2 0 0 52 1 21 0 9 0 
1 2 1 6 2 0 0 56 1 4 0 13 0 
1 2 1 7 0 0 0 72 1 17 0 6 0 
0 2 1 8 0 0 0 73 1 8 0 0 0 
0 0 0 9 2 0 0 81 0 20 0 11 0 
1 2 1 10 2 0 0 79 1 18 0 7 0 
1 2 1 11 1 0 0 60 1 4 0 6 0 
1 2 1 12 0 0 0 74 1 4 0 6 0 
1 2 1 13 2 0 0 70 1 5 0 3 0 
1 2 1 14 0 0 0 75 1 4 0 0 0 
0 1 0 15 2 50 0 80 1 19 0 3 0 
0 0 0 16 1 185 0 85 1 10 0 15 0 
0 0 0 17 2 0 0 90 0 17 0 11 0 
0 0 0 18 1 0 0 95 0 3 0 7 0 
0 0 0 19 0 0 0 100 0 4 0 9 0 
0 0 0 20 1 0 0 105 0 4 0 6 0 
0 0 0 21 2 0 0 110 0 10 0 3 0 
0 0 0 22 2 0 0 115 0 17 0 4 0 
0 0 0 23 1 0 0 120 0 19 0 9 0 
0 0 0 24 1 0 0 125 0 14 0 13 0 
0 0 0 25 1 0 0 130 0 19 0 5 0 
0 0 0 26 2 0 0 135 0 7 0 1 0 
0 0 0 27 1 0 0 140 0 19 0 7 0 
0 0 0 28 1 0 0 145 0 19 0 4 0 
0 0 0 29 1 0 0 150 0 10 0 3 0 
14 12 13 0 0 0 0 0 0 0 0 0 0 0 0 0 0 0 0 0 0 0 0 0 0 0 0 0 0 0 
4 3 0 7 7 8 12 7 0 0 0 0 0 0 0 0 0 0 0 0 0 0 0 0 0 0 0 0 0 0 
10 10 0 0 0 0 0 0 0 0 0 0 0 0 0 0 0 0 0 0 0 0 0 0 0 0 0 0 0 0 
5 6 11 1 10 11 0 0 0 0 0 0 0 0 0 0 0 0 0 0 0 0 0 0 0 0 0 0 0 0 
3 4 1 4 2049 
1 2 1 0 1 0 0 41 1 6 0 3 0 
1 2 1 1 2 0 0 76 1 12 0 11 0 
1 2 1 2 0 0 0 78 1 20 0 7 0 
1 2 1 3 2 0 0 38 1 8 0 1 0 
1 2 1 4 2 0 0 28 1 6 0 1 0 
1 2 1 5 2 0 0 52 1 21 0 9 0 
1 2 1 6 2 0 0 56 1 4 0 13 0 
1 2 1 7 0 0 0 72 1 17 0 6 0 
1 2 1 8 0 0 0 73 1 8 0 0 0 
0 0 0 9 2 0 0 86 0 10 0 0 0 
0 0 0 10 2 0 0 84 0 4 0 7 0 
1 2 1 11 1 0 0 60 1 4 0 6 0 
1 2 1 12 0 0 0 74 1 4 0 6 0 
1 2 1 13 2 0 0 70 1 5 0 3 0 
1 2 1 14 0 0 0 75 1 4 0 0 0 
1 2 1 15 2 0 0 80 1 19 0 3 0 
0 0 0 16 1 9 0 85 1 10 0 15 0 
0 0 0 17 2 31 0 90 1 17 0 11 0 
0 0 0 18 1 0 0 95 0 3 0 7 0 
0 0 0 19 0 0 0 100 0 4 0 9 0 
0 0 0 20 1 0 0 105 0 4 0 6 0 
0 0 0 21 2 0 0 110 0 10 0 3 0 
0 0 0 22 2 0 0 115 0 17 0 4 0 
0 0 0 23 1 0 0 120 0 19 0 9 0 
0 0 0 24 1 0 0 125 0 14 0 13 0 
0 0 0 25 1 0 0 130 0 19 0 5 0 
0 0 0 26 2 0 0 135 0 7 0 1 0 
0 0 0 27 1 0 0 140 0 19 0 7 0 
0 0 0 28 1 0 0 145 0 19 0 4 0 
0 0 0 29 1 0 0 150 0 10 0 3 0 
14 12 13 8 0 0 0 0 0 0 0 0 0 0 0 0 0 0 0 0 0 0 0 0 0 0 0 0 0 0 
4 3 0 7 15 8 12 7 0 0 0 0 0 0 0 0 0 0 0 0 0 0 0 0 0 0 0 0 0 0 
2 9 2 0 0 0 0 0 0 0 0 0 0 0 0 0 0 0 0 0 0 0 0 0 0 0 0 0 0 0 
5 6 11 1 10 11 0 0 0 0 0 0 0 0 0 0 0 0 0 0 0 0 0 0 0 0 0 0 0 0 
4 5 1 4 1707 
0 0 0 0 1 0 0 88 0 17 0 5 0 
1 2 1 1 2 0 0 76 1 12 0 11 0 
1 2 1 2 0 0 0 78 1 20 0 7 0 
1 2 1 3 2 0 0 38 1 8 0 1 0 
0 0 0 4 2 0 0 87 0 15 0 7 0 
1 2 1 5 2 0 0 52 1 21 0 9 0 
1 2 1 6 2 0 0 56 1 4 0 13 0 
0 0 0 7 0 0 0 89 0 6 0 15 0 
1 2 1 8 0 0 0 73 1 8 0 0 0 
0 0 0 9 2 45 0 86 1 10 0 0 0 
0 1 0 10 2 39 0 84 1 4 0 7 0 
1 2 1 11 1 0 0 60 1 4 0 6 0 
1 2 1 12 0 0 0 74 1 4 0 6 0 
1 2 1 13 2 0 0 70 1 5 0 3 0 
1 2 1 14 0 0 0 75 1 4 0 0 0 
1 2 1 15 2 0 0 80 1 19 0 3 0 
0 0 0 16 1 54 0 85 1 10 0 15 0 
0 0 0 17 2 76 0 90 1 17 0 11 0 
0 0 0 18 1 0 0 95 0 3 0 7 0 
0 0 0 19 0 0 0 100 0 4 0 9 0 
0 0 0 20 1 0 0 105 0 4 0 6 0 
0 0 0 21 2 0 0 110 0 10 0 3 0 
0 0 0 22 2 0 0 115 0 17 0 4 0 
0 0 0 23 1 0 0 120 0 19 0 9 0 
0 0 0 24 1 0 0 125 0 14 0 13 0 
0 0 0 25 1 0 0 130 0 19 0 5 0 
0 0 0 26 2 0 0 135 0 7 0 1 0 
0 0 0 27 1 0 0 140 0 19 0 7 0 
0 0 0 28 1 0 0 145 0 19 0 4 0 
0 0 0 29 1 0 0 150 0 10 0 3 0 
14 12 13 8 0 0 0 0 0 0 0 0 0 0 0 0 0 0 0 0 0 0 0 0 0 0 0 0 0 0 
3 15 0 7 15 8 12 7 0 0 0 0 0 0 0 0 0 0 0 0 0 0 0 0 0 0 0 0 0 0 
2 9 2 0 0 0 0 0 0 0 0 0 0 0 0 0 0 0 0 0 0 0 0 0 0 0 0 0 0 0 
5 6 11 1 10 11 0 0 0 0 0 0 0 0 0 0 0 0 0 0 0 0 0 0 0 0 0 0 0 0 
4 2 1 4 1660 
0 0 0 0 1 1 0 88 1 17 0 5 0 
1 2 1 1 2 0 0 76 1 12 0 11 0 
1 2 1 2 0 0 0 78 1 20 0 7 0 
1 2 1 3 2 0 0 38 1 8 0 1 0 
0 0 0 4 2 1 0 87 1 15 0 7 0 
1 2 1 5 2 0 0 52 1 21 0 9 0 
1 2 1 6 2 0 0 56 1 4 0 13 0 
0 0 0 7 0 1 0 89 1 6 0 15 0 
1 2 1 8 0 0 0 73 1 8 0 0 0 
0 0 0 9 2 46 0 86 1 10 0 0 0 
0 1 0 10 2 40 0 84 1 4 0 7 0 
1 2 1 11 1 0 0 60 1 4 0 6 0 
0 0 0 12 0 0 0 92 0 4 0 0 0 
1 2 1 13 2 0 0 70 1 5 0 3 0 
0 0 0 14 0 0 0 91 0 1 0 3 0 
1 2 1 15 2 0 0 80 1 19 0 3 0 
0 0 0 16 1 55 0 85 1 10 0 15 0 
0 0 0 17 2 77 0 90 1 17 0 11 0 
0 0 0 18 1 0 0 95 0 3 0 7 0 
0 0 0 19 0 0 0 100 0 4 0 9 0 
0 0 0 20 1 0 0 105 0 4 0 6 0 
0 0 0 21 2 0 0 110 0 10 0 3 0 
0 0 0 22 2 0 0 115 0 17 0 4 0 
0 0 0 23 1 0 0 120 0 19 0 9 0 
0 0 0 24 1 0 0 125 0 14 0 13 0 
0 0 0 25 1 0 0 130 0 19 0 5 0 
0 0 0 26 2 0 0 135 0 7 0 1 0 
0 0 0 27 1 0 0 140 0 19 0 7 0 
0 0 0 28 1 0 0 145 0 19 0 4 0 
0 0 0 29 1 0 0 150 0 10 0 3 0 
13 8 13 8 0 0 0 0 0 0 0 0 0 0 0 0 0 0 0 0 0 0 0 0 0 0 0 0 0 0 
3 15 0 7 15 8 12 7 0 0 0 0 0 0 0 0 0 0 0 0 0 0 0 0 0 0 0 0 0 0 
2 9 2 0 0 0 0 0 0 0 0 0 0 0 0 0 0 0 0 0 0 0 0 0 0 0 0 0 0 0 
5 6 11 1 10 11 0 0 0 0 0 0 0 0 0 0 0 0 0 0 0 0 0 0 0 0 0 0 0 0 
2 2 1 4 1659 
0 0 0 0 1 78 0 88 1 17 0 5 0 
1 2 1 1 2 0 0 76 1 12 0 11 0 
0 0 0 2 0 0 0 93 0 3 0 11 0 
1 2 1 3 2 0 0 38 1 8 0 1 0 
0 0 0 4 2 78 0 87 1 15 0 7 0 
1 2 1 5 2 0 0 52 1 21 0 9 0 
1 2 1 6 2 0 0 56 1 4 0 13 0 
0 0 0 7 0 78 0 89 1 6 0 15 0 
1 2 1 8 0 0 0 73 1 8 0 0 0 
0 0 0 9 2 123 0 86 1 10 0 0 0 
1 2 1 10 2 0 0 84 1 4 0 7 0 
1 2 1 11 1 0 0 60 1 4 0 6 0 
0 0 0 12 0 77 0 92 1 4 0 0 0 
1 2 1 13 2 0 0 70 1 5 0 3 0 
0 0 0 14 0 77 0 91 1 1 0 3 0 
1 2 1 15 2 0 0 80 1 19 0 3 0 
0 1 0 16 1 19 0 85 1 10 0 15 0 
0 0 0 17 2 154 0 90 1 17 0 11 0 
0 0 0 18 1 0 0 95 0 3 0 7 0 
0 0 0 19 0 0 0 100 0 4 0 9 0 
0 0 0 20 1 0 0 105 0 4 0 6 0 
0 0 0 21 2 0 0 110 0 10 0 3 0 
0 0 0 22 2 0 0 115 0 17 0 4 0 
0 0 0 23 1 0 0 120 0 19 0 9 0 
0 0 0 24 1 0 0 125 0 14 0 13 0 
0 0 0 25 1 0 0 130 0 19 0 5 0 
0 0 0 26 2 0 0 135 0 7 0 1 0 
0 0 0 27 1 0 0 140 0 19 0 7 0 
0 0 0 28 1 0 0 145 0 19 0 4 0 
0 0 0 29 1 0 0 150 0 10 0 3 0 
13 8 13 8 0 0 0 0 0 0 0 0 0 0 0 0 0 0 0 0 0 0 0 0 0 0 0 0 0 0 
3 15 10 7 15 8 12 7 0 0 0 0 0 0 0 0 0 0 0 0 0 0 0 0 0 0 0 0 0 0 
2 9 2 0 0 0 0 0 0 0 0 0 0 0 0 0 0 0 0 0 0 0 0 0 0 0 0 0 0 0 
5 6 11 1 10 11 0 0 0 0 0 0 0 0 0 0 0 0 0 0 0 0 0 0 0 0 0 0 0 0 
2 3 0 4 1580 
0 0 0 0 1 98 0 88 1 17 0 5 0 
1 2 1 1 2 0 0 76 1 12 0 11 0 
0 0 0 2 0 20 0 93 1 3 0 11 0 
1 2 1 3 2 0 0 38 1 8 0 1 0 
0 0 0 4 2 98 0 87 1 15 0 7 0 
1 2 1 5 2 0 0 52 1 21 0 9 0 
1 2 1 6 2 0 0 56 1 4 0 13 0 
0 0 0 7 0 98 0 89 1 6 0 15 0 
1 2 1 8 0 0 0 73 1 8 0 0 0 
0 0 0 9 2 143 0 86 1 10 0 0 0 
1 2 1 10 2 0 0 84 1 4 0 7 0 
1 2 1 11 1 0 0 60 1 4 0 6 0 
0 0 0 12 0 97 0 92 1 4 0 0 0 
1 2 1 13 2 0 0 70 1 5 0 3 0 
0 0 0 14 0 97 0 91 1 1 0 3 0 
1 2 1 15 2 0 0 80 1 19 0 3 0 
0 1 0 16 1 39 0 85 1 10 0 15 0 
0 0 0 17 2 174 0 90 1 17 0 11 0 
0 0 0 18 1 0 0 95 0 3 0 7 0 
0 0 0 19 0 0 0 100 0 4 0 9 0 
0 0 0 20 1 0 0 105 0 4 0 6 0 
0 0 0 21 2 0 0 110 0 10 0 3 0 
0 0 0 22 2 0 0 115 0 17 0 4 0 
0 0 0 23 1 0 0 120 0 19 0 9 0 
0 0 0 24 1 0 0 125 0 14 0 13 0 
0 0 0 25 1 0 0 130 0 19 0 5 0 
0 0 0 26 2 0 0 135 0 7 0 1 0 
0 0 0 27 1 0 0 140 0 19 0 7 0 
0 0 0 28 1 0 0 145 0 19 0 4 0 
0 0 0 29 1 0 0 150 0 10 0 3 0 
13 8 13 8 0 0 0 0 0 0 0 0 0 0 0 0 0 0 0 0 0 0 0 0 0 0 0 0 0 0 
3 15 10 7 15 8 12 7 0 0 0 0 0 0 0 0 0 0 0 0 0 0 0 0 0 0 0 0 0 0 
2 9 2 0 0 0 0 0 0 0 0 0 0 0 0 0 0 0 0 0 0 0 0 0 0 0 0 0 0 0 
5 6 11 1 10 11 0 0 0 0 0 0 0 0 0 0 0 0 0 0 0 0 0 0 0 0 0 0 0 0 
2 3 0 4 1560 
1 2 1 0 1 0 0 88 1 17 0 5 0 
1 2 1 1 2 0 0 76 1 12 0 11 0 
1 2 1 2 0 0 0 93 1 3 0 11 0 
1 2 1 3 2 0 0 38 1 8 0 1 0 
1 2 1 4 2 0 0 87 1 15 0 7 0 
1 2 1 5 2 0 0 52 1 21 0 9 0 
1 2 1 6 2 0 0 56 1 4 0 13 0 
1 2 1 7 0 0 0 89 1 6 0 15 0 
1 2 1 8 0 0 0 73 1 8 0 0 0 
1 2 1 9 2 0 0 86 1 10 0 0 0 
1 2 1 10 2 0 0 84 1 4 0 7 0 
1 2 1 11 1 0 0 60 1 4 0 6 0 
0 2 1 12 0 0 0 92 1 4 0 0 0 
0 0 0 13 2 0 0 97 0 13 0 3 0 
0 0 0 14 0 0 0 98 0 11 0 5 0 
1 2 1 15 2 0 0 80 1 19 0 3 0 
1 2 1 16 1 0 0 85 1 10 0 15 0 
1 2 1 17 2 0 0 90 1 17 0 11 0 
1 2 1 18 1 0 0 95 1 3 0 7 0 
0 0 0 19 0 242 0 100 1 4 0 9 0 
0 0 0 20 1 9 0 105 1 4 0 6 0 
0 0 0 21 2 0 0 110 0 10 0 3 0 
0 0 0 22 2 0 0 115 0 17 0 4 0 
0 0 0 23 1 0 0 120 0 19 0 9 0 
0 0 0 24 1 0 0 125 0 14 0 13 0 
0 0 0 25 1 0 0 130 0 19 0 5 0 
0 0 0 26 2 0 0 135 0 7 0 1 0 
0 0 0 27 1 0 0 140 0 19 0 7 0 
0 0 0 28 1 0 0 145 0 19 0 4 0 
0 0 0 29 1 0 0 150 0 10 0 3 0 
8 18 14 18 0 0 0 0 0 0 0 0 0 0 0 0 0 0 0 0 0 0 0 0 0 0 0 0 0 0 
3 15 10 7 15 8 12 7 0 0 0 0 0 0 0 0 0 0 0 0 0 0 0 0 0 0 0 0 0 0 
17 0 4 9 0 0 0 0 0 0 0 0 0 0 0 0 0 0 0 0 0 0 0 0 0 0 0 0 0 0 
5 6 11 1 16 7 2 0 0 0 0 0 0 0 0 0 0 0 0 0 0 0 0 0 0 0 0 0 0 0 
2 3 4 7 490 
1 2 1 0 1 0 0 88 1 17 0 5 0 
1 2 1 1 2 0 0 76 1 12 0 11 0 
1 2 1 2 0 0 0 93 1 3 0 11 0 
1 2 1 3 2 0 0 38 1 8 0 1 0 
0 0 0 4 2 0 0 102 0 15 0 15 0 
1 2 1 5 2 0 0 52 1 21 0 9 0 
1 2 1 6 2 0 0 56 1 4 0 13 0 
1 2 1 7 0 0 0 89 1 6 0 15 0 
1 2 1 8 0 0 0 73 1 8 0 0 0 
0 0 0 9 2 0 0 103 0 17 0 7 0 
1 2 1 10 2 0 0 84 1 4 0 7 0 
1 2 1 11 1 0 0 60 1 4 0 6 0 
0 2 1 12 0 0 0 92 1 4 0 0 0 
1 2 1 13 2 0 0 97 1 13 0 3 0 
1 2 1 14 0 0 0 98 1 11 0 5 0 
1 2 1 15 2 0 0 80 1 19 0 3 0 
1 2 1 16 1 0 0 85 1 10 0 15 0 
0 0 0 17 2 0 0 101 0 2 0 11 0 
1 2 1 18 1 0 0 95 1 3 0 7 0 
0 0 0 19 0 85 0 100 1 4 0 9 0 
0 0 0 20 1 107 0 105 1 4 0 6 0 
0 0 0 21 2 0 0 110 0 10 0 3 0 
0 0 0 22 2 0 0 115 0 17 0 4 0 
0 0 0 23 1 0 0 120 0 19 0 9 0 
0 0 0 24 1 0 0 125 0 14 0 13 0 
0 0 0 25 1 0 0 130 0 19 0 5 0 
0 0 0 26 2 0 0 135 0 7 0 1 0 
0 0 0 27 1 0 0 140 0 19 0 7 0 
0 0 0 28 1 0 0 145 0 19 0 4 0 
0 0 0 29 1 0 0 150 0 10 0 3 0 
8 18 14 18 0 0 0 0 0 0 0 0 0 0 0 0 0 0 0 0 0 0 0 0 0 0 0 0 0 0 
3 15 10 7 15 8 12 7 0 0 0 0 0 0 0 0 0 0 0 0 0 0 0 0 0 0 0 0 0 0 
0 13 14 9 13 14 0 0 0 0 0 0 0 0 0 0 0 0 0 0 0 0 0 0 0 0 0 0 0 0 
5 6 11 1 16 7 2 0 0 0 0 0 0 0 0 0 0 0 0 0 0 0 0 0 0 0 0 0 0 0 
2 3 3 7 129 
1 2 1 0 1 0 0 88 1 17 0 5 0 
1 2 1 1 2 0 0 76 1 12 0 11 0 
1 2 1 2 0 0 0 93 1 3 0 11 0 
1 2 1 3 2 0 0 38 1 8 0 1 0 
0 0 0 4 2 7 0 102 1 15 0 15 0 
1 2 1 5 2 0 0 52 1 21 0 9 0 
1 2 1 6 2 0 0 56 1 4 0 13 0 
1 2 1 7 0 0 0 89 1 6 0 15 0 
1 2 1 8 0 0 0 73 1 8 0 0 0 
0 0 0 9 2 7 0 103 1 17 0 7 0 
0 0 0 10 2 0 0 106 0 6 0 11 0 
1 2 1 11 1 0 0 60 1 4 0 6 0 
0 2 1 12 0 0 0 92 1 4 0 0 0 
1 2 1 13 2 0 0 97 1 13 0 3 0 
1 2 1 14 0 0 0 98 1 11 0 5 0 
0 0 0 15 2 0 0 104 0 5 0 13 0 
1 2 1 16 1 0 0 85 1 10 0 15 0 
0 0 0 17 2 7 0 101 1 2 0 11 0 
1 2 1 18 1 0 0 95 1 3 0 7 0 
0 0 0 19 0 92 0 100 1 4 0 9 0 
0 0 0 20 1 114 0 105 1 4 0 6 0 
0 0 0 21 2 0 0 110 0 10 0 3 0 
0 0 0 22 2 0 0 115 0 17 0 4 0 
0 0 0 23 1 0 0 120 0 19 0 9 0 
0 0 0 24 1 0 0 125 0 14 0 13 0 
0 0 0 25 1 0 0 130 0 19 0 5 0 
0 0 0 26 2 0 0 135 0 7 0 1 0 
0 0 0 27 1 0 0 140 0 19 0 7 0 
0 0 0 28 1 0 0 145 0 19 0 4 0 
0 0 0 29 1 0 0 150 0 10 0 3 0 
8 18 14 18 0 0 0 0 0 0 0 0 0 0 0 0 0 0 0 0 0 0 0 0 0 0 0 0 0 0 
3 15 10 7 15 8 12 7 0 0 0 0 0 0 0 0 0 0 0 0 0 0 0 0 0 0 0 0 0 0 
0 13 14 9 13 14 0 0 0 0 0 0 0 0 0 0 0 0 0 0 0 0 0 0 0 0 0 0 0 0 
5 6 11 1 16 7 2 0 0 0 0 0 0 0 0 0 0 0 0 0 0 0 0 0 0 0 0 0 0 0 
2 1 3 7 122 
1 2 1 0 1 0 0 88 1 17 0 5 0 
1 2 1 1 2 0 0 76 1 12 0 11 0 
0 0 0 2 0 0 0 111 0 3 0 15 0 
1 2 1 3 2 0 0 38 1 8 0 1 0 
0 0 0 4 2 7 0 102 1 15 0 15 0 
1 2 1 5 2 0 0 52 1 21 0 9 0 
0 0 0 6 2 0 0 107 0 19 0 11 0 
1 2 1 7 0 0 0 89 1 6 0 15 0 
1 2 1 8 0 0 0 73 1 8 0 0 0 
0 0 0 9 2 7 0 103 1 17 0 7 0 
0 0 0 10 2 0 0 106 0 6 0 11 0 
0 0 0 11 1 0 0 108 0 4 0 1 0 
0 2 1 12 0 0 0 92 1 4 0 0 0 
1 2 1 13 2 0 0 97 1 13 0 3 0 
1 2 1 14 0 0 0 98 1 11 0 5 0 
0 0 0 15 2 0 0 104 0 5 0 13 0 
0 0 0 16 1 0 0 109 0 17 0 5 0 
0 0 0 17 2 7 0 101 1 2 0 11 0 
1 2 1 18 1 0 0 95 1 3 0 7 0 
0 0 0 19 0 92 0 100 1 4 0 9 0 
0 0 0 20 1 114 0 105 1 4 0 6 0 
0 0 0 21 2 0 0 110 0 10 0 3 0 
0 0 0 22 2 0 0 115 0 17 0 4 0 
0 0 0 23 1 0 0 120 0 19 0 9 0 
0 0 0 24 1 0 0 125 0 14 0 13 0 
0 0 0 25 1 0 0 130 0 19 0 5 0 
0 0 0 26 2 0 0 135 0 7 0 1 0 
0 0 0 27 1 0 0 140 0 19 0 7 0 
0 0 0 28 1 0 0 145 0 19 0 4 0 
0 0 0 29 1 0 0 150 0 10 0 3 0 
8 18 14 18 0 0 0 0 0 0 0 0 0 0 0 0 0 0 0 0 0 0 0 0 0 0 0 0 0 0 
3 15 10 7 15 8 12 7 0 0 0 0 0 0 0 0 0 0 0 0 0 0 0 0 0 0 0 0 0 0 
0 13 14 9 13 14 0 0 0 0 0 0 0 0 0 0 0 0 0 0 0 0 0 0 0 0 0 0 0 0 
5 1 7 1 16 7 2 0 0 0 0 0 0 0 0 0 0 0 0 0 0 0 0 0 0 0 0 0 0 0 
2 1 3 3 122 
